Initialize virtual sensor...
ProcessNextFrame [0 | 798]
ProcessNextFrame [1 | 798]
Initializing FLANN index with 222118 points.
FLANN index created.
iteration ...0
Matching points ...
Estimated pose: 
1 0 0 0
0 1 0 0
0 0 1 0
0 0 0 1
Completed in 0.007427 seconds.
iter      cost      cost_change  |gradient|   |step|    tr_ratio  tr_radius  ls_iter  iter_time  total_time
   0  2.654510e-01    0.00e+00    1.78e+01   0.00e+00   0.00e+00  1.00e+04        0    1.77e-03    2.30e-03
   1  2.090310e-01    5.64e-02    1.20e-02   7.36e-03   1.00e+00  3.00e+04        1    3.25e-03    5.60e-03
Ceres Solver Report: Iterations: 2, Initial cost: 2.654510e-01, Final cost: 2.090310e-01, Termination: NO_CONVERGENCE
Optimization iteration done.
iteration ...1
Matching points ...
Estimated pose: 
   0.999998  0.00151303 -0.00162471  0.00125354
-0.00151513    0.999998 -0.00129208  0.00413148
 0.00162275  0.00129454    0.999998  0.00537774
          0           0           0           1
Completed in 0.007336 seconds.
iter      cost      cost_change  |gradient|   |step|    tr_ratio  tr_radius  ls_iter  iter_time  total_time
   0  1.206230e-01    0.00e+00    8.14e+00   0.00e+00   0.00e+00  1.00e+04        0    1.00e-03    1.23e-03
   1  1.061028e-01    1.45e-02    8.76e-03   3.69e-03   1.00e+00  3.00e+04        1    1.76e-03    3.01e-03
Ceres Solver Report: Iterations: 2, Initial cost: 1.206230e-01, Final cost: 1.061028e-01, Termination: NO_CONVERGENCE
Optimization iteration done.
iteration ...2
Matching points ...
Estimated pose: 
   0.999992  0.00206474 -0.00338073  0.00245435
-0.00207033    0.999996 -0.00165024  0.00547473
 0.00337731  0.00165722    0.999993  0.00798903
          0           0           0           1
Completed in 0.013462 seconds.
iter      cost      cost_change  |gradient|   |step|    tr_ratio  tr_radius  ls_iter  iter_time  total_time
   0  1.681570e-01    0.00e+00    9.74e+00   0.00e+00   0.00e+00  1.00e+04        0    2.01e-03    2.73e-03
   1  1.577749e-01    1.04e-02    8.62e-03   2.14e-03   1.00e+00  3.00e+04        1    5.76e-03    8.52e-03
Ceres Solver Report: Iterations: 2, Initial cost: 1.681570e-01, Final cost: 1.577749e-01, Termination: NO_CONVERGENCE
Optimization iteration done.
iteration ...3
Matching points ...
Estimated pose: 
   0.999988  0.00213208  -0.0045259  0.00317375
-0.00213741    0.999997 -0.00117387  0.00512785
 0.00452338  0.00118353    0.999989  0.00953942
          0           0           0           1
Completed in 0.014064 seconds.
iter      cost      cost_change  |gradient|   |step|    tr_ratio  tr_radius  ls_iter  iter_time  total_time
   0  1.743121e-01    0.00e+00    5.81e+00   0.00e+00   0.00e+00  1.00e+04        0    1.56e-03    2.07e-03
   1  1.697962e-01    4.52e-03    4.61e-03   1.41e-03   1.00e+00  3.00e+04        1    5.69e-03    7.78e-03
Ceres Solver Report: Iterations: 2, Initial cost: 1.743121e-01, Final cost: 1.697962e-01, Termination: NO_CONVERGENCE
Optimization iteration done.
iteration ...4
Matching points ...
Estimated pose: 
    0.999983   0.00221194  -0.00536101   0.00360202
 -0.00221652     0.999997 -0.000848783    0.0048295
  0.00535912  0.000860651     0.999985     0.010486
           0            0            0            1
Completed in 0.013628 seconds.
iter      cost      cost_change  |gradient|   |step|    tr_ratio  tr_radius  ls_iter  iter_time  total_time
   0  1.564181e-01    0.00e+00    4.19e+00   0.00e+00   0.00e+00  1.00e+04        0    2.30e-03    2.99e-03
   1  1.546000e-01    1.82e-03    2.24e-03   8.54e-04   1.00e+00  3.00e+04        1    4.60e-03    7.63e-03
Ceres Solver Report: Iterations: 2, Initial cost: 1.564181e-01, Final cost: 1.546000e-01, Termination: NO_CONVERGENCE
Optimization iteration done.
iteration ...5
Matching points ...
Estimated pose: 
     0.99998   0.00232782  -0.00597104   0.00388441
 -0.00233225     0.999997 -0.000735793   0.00484523
  0.00596931  0.000749704     0.999982    0.0109852
           0            0            0            1
Completed in 0.093297 seconds.
iter      cost      cost_change  |gradient|   |step|    tr_ratio  tr_radius  ls_iter  iter_time  total_time
   0  9.031888e-01    0.00e+00    2.09e+01   0.00e+00   0.00e+00  1.00e+04        0    1.89e-02    3.33e-02
   1  8.978116e-01    5.38e-03    4.80e-03   5.51e-04   1.00e+00  3.00e+04        1    3.65e-02    6.99e-02
Ceres Solver Report: Iterations: 2, Initial cost: 9.031888e-01, Final cost: 8.978116e-01, Termination: NO_CONVERGENCE
Optimization iteration done.
iteration ...6
Matching points ...
Estimated pose: 
    0.999978   0.00262531  -0.00616042   0.00374522
 -0.00263075     0.999996 -0.000873949   0.00511121
   0.0061581  0.000890136     0.999981    0.0112483
           0            0            0            1
Completed in 0.093615 seconds.
iter      cost      cost_change  |gradient|   |step|    tr_ratio  tr_radius  ls_iter  iter_time  total_time
   0  8.932469e-01    0.00e+00    1.70e+01   0.00e+00   0.00e+00  1.00e+04        0    1.67e-02    2.91e-02
   1  8.905684e-01    2.68e-03    3.10e-03   3.33e-04   1.00e+00  3.00e+04        1    3.13e-02    6.05e-02
Ceres Solver Report: Iterations: 2, Initial cost: 8.932469e-01, Final cost: 8.905684e-01, Termination: NO_CONVERGENCE
Optimization iteration done.
iteration ...7
Matching points ...
Estimated pose: 
    0.999976   0.00278329  -0.00629601   0.00358921
 -0.00278929     0.999996 -0.000943739   0.00524242
  0.00629335  0.000961279      0.99998    0.0113929
           0            0            0            1
Completed in 0.092541 seconds.
iter      cost      cost_change  |gradient|   |step|    tr_ratio  tr_radius  ls_iter  iter_time  total_time
   0  8.767097e-01    0.00e+00    1.38e+01   0.00e+00   0.00e+00  1.00e+04        0    1.93e-02    3.33e-02
   1  8.750214e-01    1.69e-03    1.91e-03   2.61e-04   1.00e+00  3.00e+04        1    3.35e-02    6.69e-02
Ceres Solver Report: Iterations: 2, Initial cost: 8.767097e-01, Final cost: 8.750214e-01, Termination: NO_CONVERGENCE
Optimization iteration done.
iteration ...8
Matching points ...
Estimated pose: 
    0.999976   0.00289337  -0.00637496   0.00339945
 -0.00289962     0.999995 -0.000970749   0.00530498
  0.00637213  0.000989211     0.999979    0.0114882
           0            0            0            1
Completed in 0.092845 seconds.
iter      cost      cost_change  |gradient|   |step|    tr_ratio  tr_radius  ls_iter  iter_time  total_time
   0  8.693621e-01    0.00e+00    1.11e+01   0.00e+00   0.00e+00  1.00e+04        0    1.83e-02    3.11e-02
   1  8.683064e-01    1.06e-03    1.11e-03   2.12e-04   1.00e+00  3.00e+04        1    3.81e-02    6.92e-02
Ceres Solver Report: Iterations: 2, Initial cost: 8.693621e-01, Final cost: 8.683064e-01, Termination: NO_CONVERGENCE
Optimization iteration done.
iteration ...9
Matching points ...
Estimated pose: 
   0.999975  0.00293952 -0.00642093  0.00320663
-0.00294582    0.999995 -0.00097214  0.00533238
 0.00641805  0.00099103    0.999979   0.0115422
          0           0           0           1
Completed in 0.092353 seconds.
iter      cost      cost_change  |gradient|   |step|    tr_ratio  tr_radius  ls_iter  iter_time  total_time
   0  8.687224e-01    0.00e+00    8.71e+00   0.00e+00   0.00e+00  1.00e+04        0    1.73e-02    3.06e-02
   1  8.680302e-01    6.92e-04    5.37e-04   1.97e-04   1.00e+00  3.00e+04        1    3.62e-02    6.68e-02
Ceres Solver Report: Iterations: 2, Initial cost: 8.687224e-01, Final cost: 8.680302e-01, Termination: NO_CONVERGENCE
Optimization iteration done.
Current camera pose: 
    0.999975  -0.00294181   0.00643578  -0.00307257
   0.0029355     0.999995  0.000989795  -0.00537784
 -0.00643866 -0.000970878     0.999979   -0.0115473
           0           -0           -0            1
ProcessNextFrame [2 | 798]
Initializing FLANN index with 222118 points.
FLANN index created.
iteration ...0
Matching points ...
Estimated pose: 
    0.999975    0.0029355  -0.00643866   0.00301393
 -0.00294181     0.999995 -0.000970878   0.00535757
  0.00643578  0.000989795     0.999979    0.0115722
           0            0            0            1
Completed in 0.008084 seconds.
iter      cost      cost_change  |gradient|   |step|    tr_ratio  tr_radius  ls_iter  iter_time  total_time
   0  6.137848e-01    0.00e+00    2.21e+01   0.00e+00   0.00e+00  1.00e+04        0    1.10e-03    1.55e-03
   1  5.099521e-01    1.04e-01    4.19e-03   8.99e-03   1.00e+00  3.00e+04        1    3.12e-03    4.70e-03
Ceres Solver Report: Iterations: 2, Initial cost: 6.137848e-01, Final cost: 5.099521e-01, Termination: NO_CONVERGENCE
Optimization iteration done.
iteration ...1
Matching points ...
Estimated pose: 
   0.999962  0.00483919 -0.00731562  0.00326464
-0.00484777    0.999988 -0.00115596    0.011321
 0.00730993  0.00119138    0.999973   0.0179555
          0           0           0           1
Completed in 0.008313 seconds.
iter      cost      cost_change  |gradient|   |step|    tr_ratio  tr_radius  ls_iter  iter_time  total_time
   0  2.050373e-01    0.00e+00    1.03e+01   0.00e+00   0.00e+00  1.00e+04        0    1.26e-03    1.53e-03
   1  1.810556e-01    2.40e-02    7.45e-03   3.87e-03   1.00e+00  3.00e+04        1    2.66e-03    4.22e-03
Ceres Solver Report: Iterations: 2, Initial cost: 2.050373e-01, Final cost: 1.810556e-01, Termination: NO_CONVERGENCE
Optimization iteration done.
iteration ...2
Matching points ...
Estimated pose: 
    0.999945   0.00587958  -0.00866909   0.00395457
 -0.00588277     0.999983 -0.000342361    0.0124734
  0.00866692   0.00039334     0.999962    0.0210509
           0            0            0            1
Completed in 0.014826 seconds.
iter      cost      cost_change  |gradient|   |step|    tr_ratio  tr_radius  ls_iter  iter_time  total_time
   0  2.766414e-01    0.00e+00    1.23e+01   0.00e+00   0.00e+00  1.00e+04        0    3.23e-03    3.99e-03
   1  2.551122e-01    2.15e-02    1.84e-02   2.85e-03   1.00e+00  3.00e+04        1    6.75e-03    1.08e-02
Ceres Solver Report: Iterations: 2, Initial cost: 2.766414e-01, Final cost: 2.551122e-01, Termination: NO_CONVERGENCE
Optimization iteration done.
iteration ...3
Matching points ...
Estimated pose: 
    0.999929    0.0065642  -0.00996263    0.0044343
 -0.00655493     0.999978  0.000962202    0.0118457
  0.00996873 -0.000896829      0.99995    0.0229419
           0            0            0            1
Completed in 0.01416 seconds.
iter      cost      cost_change  |gradient|   |step|    tr_ratio  tr_radius  ls_iter  iter_time  total_time
   0  1.963094e-01    0.00e+00    8.30e+00   0.00e+00   0.00e+00  1.00e+04        0    2.37e-03    2.84e-03
   1  1.848540e-01    1.15e-02    1.44e-02   2.64e-03   1.00e+00  3.00e+04        1    4.04e-03    6.91e-03
Ceres Solver Report: Iterations: 2, Initial cost: 1.963094e-01, Final cost: 1.848540e-01, Termination: NO_CONVERGENCE
Optimization iteration done.
iteration ...4
Matching points ...
Estimated pose: 
    0.99992  0.00716619  -0.0104603  0.00406499
-0.00714025    0.999971  0.00251498   0.0103564
   0.010478 -0.00244008    0.999942   0.0241486
          0           0           0           1
Completed in 0.014085 seconds.
iter      cost      cost_change  |gradient|   |step|    tr_ratio  tr_radius  ls_iter  iter_time  total_time
   0  1.649100e-01    0.00e+00    6.42e+00   0.00e+00   0.00e+00  1.00e+04        0    1.99e-03    2.58e-03
   1  1.566080e-01    8.30e-03    1.45e-02   2.78e-03   9.99e-01  3.00e+04        1    5.85e-03    8.46e-03
Ceres Solver Report: Iterations: 2, Initial cost: 1.649100e-01, Final cost: 1.566080e-01, Termination: NO_CONVERGENCE
Optimization iteration done.
iteration ...5
Matching points ...
Estimated pose: 
   0.999916  0.00748756  -0.0105761  0.00321251
-0.00744377    0.999964  0.00417357   0.0085471
   0.010607 -0.00409449    0.999935   0.0249923
          0           0           0           1
Completed in 0.09693 seconds.
iter      cost      cost_change  |gradient|   |step|    tr_ratio  tr_radius  ls_iter  iter_time  total_time
   0  1.233210e+00    0.00e+00    3.19e+01   0.00e+00   0.00e+00  1.00e+04        0    1.89e-02    3.20e-02
   1  1.206729e+00    2.65e-02    3.76e-02   1.66e-03   1.00e+00  3.00e+04        1    3.67e-02    6.88e-02
Ceres Solver Report: Iterations: 2, Initial cost: 1.233210e+00, Final cost: 1.206729e+00, Termination: NO_CONVERGENCE
Optimization iteration done.
iteration ...6
Matching points ...
Estimated pose: 
   0.999916   0.0075612  -0.0105314  0.00235716
-0.00750772    0.999959  0.00510802   0.0076204
  0.0105696 -0.00502852    0.999932   0.0254784
          0           0           0           1
Completed in 0.103846 seconds.
iter      cost      cost_change  |gradient|   |step|    tr_ratio  tr_radius  ls_iter  iter_time  total_time
   0  1.217152e+00    0.00e+00    2.67e+01   0.00e+00   0.00e+00  1.00e+04        0    1.86e-02    3.07e-02
   1  1.201211e+00    1.59e-02    1.82e-02   1.22e-03   1.00e+00  3.00e+04        1    3.31e-02    6.39e-02
Ceres Solver Report: Iterations: 2, Initial cost: 1.217152e+00, Final cost: 1.201211e+00, Termination: NO_CONVERGENCE
Optimization iteration done.
iteration ...7
Matching points ...
Estimated pose: 
   0.999915  0.00769412  -0.0105222  0.00158046
 -0.0076339    0.999954  0.00575178  0.00701452
   0.010566 -0.00567096    0.999928   0.0257466
          0           0           0           1
Completed in 0.103813 seconds.
iter      cost      cost_change  |gradient|   |step|    tr_ratio  tr_radius  ls_iter  iter_time  total_time
   0  1.182773e+00    0.00e+00    2.71e+01   0.00e+00   0.00e+00  1.00e+04        0    2.09e-02    3.28e-02
   1  1.173129e+00    9.64e-03    7.19e-03   8.20e-04   1.00e+00  3.00e+04        1    4.51e-02    7.79e-02
Ceres Solver Report: Iterations: 2, Initial cost: 1.182773e+00, Final cost: 1.173129e+00, Termination: NO_CONVERGENCE
Optimization iteration done.
iteration ...8
Matching points ...
Estimated pose: 
   0.999914  0.00782568  -0.0105761 0.000968679
-0.00776094    0.999951  0.00614841  0.00669581
  0.0106237  -0.0060658    0.999925   0.0258649
          0           0           0           1
Completed in 0.09981 seconds.
iter      cost      cost_change  |gradient|   |step|    tr_ratio  tr_radius  ls_iter  iter_time  total_time
   0  1.143182e+00    0.00e+00    2.74e+01   0.00e+00   0.00e+00  1.00e+04        0    1.99e-02    3.26e-02
   1  1.135850e+00    7.33e-03    3.05e-03   6.10e-04   1.00e+00  3.00e+04        1    3.56e-02    6.82e-02
Ceres Solver Report: Iterations: 2, Initial cost: 1.143182e+00, Final cost: 1.135850e+00, Termination: NO_CONVERGENCE
Optimization iteration done.
iteration ...9
Matching points ...
Estimated pose: 
   0.999912  0.00790974  -0.0106683 0.000446701
-0.00784179    0.999949  0.00639613  0.00654901
  0.0107183 -0.00631191    0.999923   0.0259004
          0           0           0           1
Completed in 0.102496 seconds.
iter      cost      cost_change  |gradient|   |step|    tr_ratio  tr_radius  ls_iter  iter_time  total_time
   0  1.120401e+00    0.00e+00    2.61e+01   0.00e+00   0.00e+00  1.00e+04        0    1.98e-02    3.39e-02
   1  1.114248e+00    6.15e-03    1.71e-03   5.55e-04   1.00e+00  3.00e+04        1    3.26e-02    6.65e-02
Ceres Solver Report: Iterations: 2, Initial cost: 1.120401e+00, Final cost: 1.114248e+00, Termination: NO_CONVERGENCE
Optimization iteration done.
Current camera pose: 
     0.99991  -0.00791237    0.0107902 -0.000156684
  0.00798252     0.999947  -0.00647357   -0.0063173
  -0.0107385   0.00655913     0.999921   -0.0259266
          -0           -0           -0            1
ProcessNextFrame [3 | 798]
Initializing FLANN index with 222118 points.
FLANN index created.
iteration ...0
Matching points ...
Estimated pose: 
    0.999911   0.00798252   -0.0107385 -7.13137e-05
 -0.00791237     0.999947   0.00655913   0.00648578
   0.0107902  -0.00647358     0.999921    0.0258854
           0            0            0            1
Completed in 0.008123 seconds.
iter      cost      cost_change  |gradient|   |step|    tr_ratio  tr_radius  ls_iter  iter_time  total_time
   0  8.238419e-01    0.00e+00    2.56e+01   0.00e+00   0.00e+00  1.00e+04        0    1.21e-03    1.56e-03
   1  6.908141e-01    1.33e-01    1.42e-02   8.94e-03   1.00e+00  3.00e+04        1    3.95e-03    5.56e-03
Ceres Solver Report: Iterations: 2, Initial cost: 8.238419e-01, Final cost: 6.908141e-01, Termination: NO_CONVERGENCE
Optimization iteration done.
iteration ...1
Matching points ...
Estimated pose: 
   0.999884  0.00909375  -0.0122293 0.000859407
-0.00899451    0.999926  0.00814536   0.0105401
  0.0123024 -0.00803442    0.999892   0.0334206
          0           0           0           1
Completed in 0.007737 seconds.
iter      cost      cost_change  |gradient|   |step|    tr_ratio  tr_radius  ls_iter  iter_time  total_time
   0  3.695746e-01    0.00e+00    1.12e+01   0.00e+00   0.00e+00  1.00e+04        0    1.18e-03    1.42e-03
   1  3.381473e-01    3.14e-02    1.90e-02   4.60e-03   1.00e+00  3.00e+04        1    3.71e-03    5.15e-03
Ceres Solver Report: Iterations: 2, Initial cost: 3.695746e-01, Final cost: 3.381473e-01, Termination: NO_CONVERGENCE
Optimization iteration done.
iteration ...2
Matching points ...
Estimated pose: 
   0.999862  0.00928054   -0.013786  0.00217404
-0.00913771    0.999904   0.0103882    0.010854
  0.0138811  -0.0102607    0.999851   0.0368272
          0           0           0           1
Completed in 0.014788 seconds.
iter      cost      cost_change  |gradient|   |step|    tr_ratio  tr_radius  ls_iter  iter_time  total_time
   0  3.208148e-01    0.00e+00    1.14e+01   0.00e+00   0.00e+00  1.00e+04        0    3.41e-03    4.23e-03
   1  3.041080e-01    1.67e-02    1.42e-02   2.26e-03   1.00e+00  3.00e+04        1    5.60e-03    9.87e-03
Ceres Solver Report: Iterations: 2, Initial cost: 3.208148e-01, Final cost: 3.041080e-01, Termination: NO_CONVERGENCE
Optimization iteration done.
iteration ...3
Matching points ...
Estimated pose: 
   0.999851  0.00917667  -0.0146089  0.00234318
-0.00900406    0.999889   0.0118375   0.0108517
  0.0147159  -0.0117042    0.999823   0.0383182
          0           0           0           1
Completed in 0.014243 seconds.
iter      cost      cost_change  |gradient|   |step|    tr_ratio  tr_radius  ls_iter  iter_time  total_time
   0  2.826338e-01    0.00e+00    8.57e+00   0.00e+00   0.00e+00  1.00e+04        0    2.44e-03    2.96e-03
   1  2.749279e-01    7.71e-03    1.02e-02   1.77e-03   1.00e+00  3.00e+04        1    5.80e-03    8.79e-03
Ceres Solver Report: Iterations: 2, Initial cost: 2.826338e-01, Final cost: 2.749279e-01, Termination: NO_CONVERGENCE
Optimization iteration done.
iteration ...4
Matching points ...
Estimated pose: 
   0.999848  0.00892669  -0.0150002  0.00190227
-0.00872858    0.999874   0.0132216   0.0103551
  0.0151163  -0.0130886      0.9998    0.039029
          0           0           0           1
Completed in 0.013713 seconds.
iter      cost      cost_change  |gradient|   |step|    tr_ratio  tr_radius  ls_iter  iter_time  total_time
   0  2.039035e-01    0.00e+00    6.43e+00   0.00e+00   0.00e+00  1.00e+04        0    2.52e-03    3.04e-03
   1  1.997496e-01    4.15e-03    7.45e-03   1.56e-03   1.00e+00  3.00e+04        1    4.35e-03    7.42e-03
Ceres Solver Report: Iterations: 2, Initial cost: 2.039035e-01, Final cost: 1.997496e-01, Termination: NO_CONVERGENCE
Optimization iteration done.
iteration ...5
Matching points ...
Estimated pose: 
   0.999846  0.00863224  -0.0152657  0.00148157
-0.00841204     0.99986    0.014431  0.00971025
  0.0153881  -0.0143003    0.999779    0.039426
          0           0           0           1
Completed in 0.09816 seconds.
iter      cost      cost_change  |gradient|   |step|    tr_ratio  tr_radius  ls_iter  iter_time  total_time
   0  1.673959e+00    0.00e+00    4.05e+01   0.00e+00   0.00e+00  1.00e+04        0    1.85e-02    3.10e-02
   1  1.652444e+00    2.15e-02    4.13e-02   1.31e-03   1.00e+00  3.00e+04        1    4.25e-02    7.35e-02
Ceres Solver Report: Iterations: 2, Initial cost: 1.673959e+00, Final cost: 1.652444e+00, Termination: NO_CONVERGENCE
Optimization iteration done.
iteration ...6
Matching points ...
Estimated pose: 
   0.999844  0.00847526  -0.0155136  0.00106491
-0.00823573    0.999847   0.0154396  0.00908472
  0.0156421  -0.0153095    0.999761   0.0395285
          0           0           0           1
Completed in 0.100336 seconds.
iter      cost      cost_change  |gradient|   |step|    tr_ratio  tr_radius  ls_iter  iter_time  total_time
   0  1.633566e+00    0.00e+00    3.38e+01   0.00e+00   0.00e+00  1.00e+04        0    1.58e-02    3.05e-02
   1  1.617715e+00    1.59e-02    2.83e-02   1.24e-03   1.00e+00  3.00e+04        1    3.18e-02    6.24e-02
Ceres Solver Report: Iterations: 2, Initial cost: 1.633566e+00, Final cost: 1.617715e+00, Termination: NO_CONVERGENCE
Optimization iteration done.
iteration ...7
Matching points ...
Estimated pose: 
   0.999845  0.00831095   -0.015545 0.000434113
-0.00805737    0.999834   0.0163049  0.00851411
  0.0156779  -0.0161771    0.999746   0.0395391
          0           0           0           1
Completed in 0.099675 seconds.
iter      cost      cost_change  |gradient|   |step|    tr_ratio  tr_radius  ls_iter  iter_time  total_time
   0  1.635611e+00    0.00e+00    2.83e+01   0.00e+00   0.00e+00  1.00e+04        0    1.93e-02    3.13e-02
   1  1.623155e+00    1.25e-02    2.25e-02   1.25e-03   1.00e+00  3.00e+04        1    3.76e-02    6.89e-02
Ceres Solver Report: Iterations: 2, Initial cost: 1.635611e+00, Final cost: 1.623155e+00, Termination: NO_CONVERGENCE
Optimization iteration done.
iteration ...8
Matching points ...
Estimated pose: 
    0.999848   0.00812575   -0.0154316 -0.000319626
 -0.00786205     0.999823    0.0170728   0.00796095
   0.0155676   -0.0169489     0.999735    0.0395236
           0            0            0            1
Completed in 0.100514 seconds.
iter      cost      cost_change  |gradient|   |step|    tr_ratio  tr_radius  ls_iter  iter_time  total_time
   0  1.599196e+00    0.00e+00    2.48e+01   0.00e+00   0.00e+00  1.00e+04        0    1.91e-02    3.01e-02
   1  1.589488e+00    9.71e-03    1.84e-02   1.16e-03   1.00e+00  3.00e+04        1    3.07e-02    6.08e-02
Ceres Solver Report: Iterations: 2, Initial cost: 1.599196e+00, Final cost: 1.589488e+00, Termination: NO_CONVERGENCE
Optimization iteration done.
iteration ...9
Matching points ...
Estimated pose: 
   0.999852  0.00800922  -0.0152706  -0.0010469
-0.00773773    0.999812   0.0177562  0.00744325
  0.0154099  -0.0176354    0.999726   0.0394786
          0           0           0           1
Completed in 0.10014 seconds.
iter      cost      cost_change  |gradient|   |step|    tr_ratio  tr_radius  ls_iter  iter_time  total_time
   0  1.573115e+00    0.00e+00    2.05e+01   0.00e+00   0.00e+00  1.00e+04        0    1.54e-02    2.70e-02
   1  1.565782e+00    7.33e-03    1.12e-02   9.48e-04   1.00e+00  3.00e+04        1    3.53e-02    6.23e-02
Ceres Solver Report: Iterations: 2, Initial cost: 1.573115e+00, Final cost: 1.565782e+00, Termination: NO_CONVERGENCE
Optimization iteration done.
Current camera pose: 
   0.999854 -0.00762545   0.0153007   0.0011383
 0.00790325    0.999804  -0.0181783  -0.0063302
 -0.0151591   0.0182965    0.999718  -0.0395676
         -0          -0          -0           1
ProcessNextFrame [4 | 798]
Initializing FLANN index with 222118 points.
FLANN index created.
iteration ...0
Matching points ...
Estimated pose: 
   0.999854  0.00790325  -0.0151591 -0.00168791
-0.00762545    0.999803   0.0182965  0.00706159
  0.0153007  -0.0181783    0.999718   0.0394239
          0           0           0           1
Completed in 0.007837 seconds.
iter      cost      cost_change  |gradient|   |step|    tr_ratio  tr_radius  ls_iter  iter_time  total_time
   0  4.598204e-01    0.00e+00    2.44e+01   0.00e+00   0.00e+00  1.00e+04        0    1.09e-03    1.45e-03
   1  3.429685e-01    1.17e-01    1.01e-02   8.75e-03   1.00e+00  3.00e+04        1    3.42e-03    4.91e-03
Ceres Solver Report: Iterations: 2, Initial cost: 4.598204e-01, Final cost: 3.429685e-01, Termination: NO_CONVERGENCE
Optimization iteration done.
iteration ...1
Matching points ...
Estimated pose: 
   0.999827  0.00810553  -0.0167417 -0.00101149
-0.00778435    0.999786   0.0191609    0.011595
  0.0168934  -0.0190273    0.999676    0.046664
          0           0           0           1
Completed in 0.007861 seconds.
iter      cost      cost_change  |gradient|   |step|    tr_ratio  tr_radius  ls_iter  iter_time  total_time
   0  2.034242e-01    0.00e+00    1.02e+01   0.00e+00   0.00e+00  1.00e+04        0    1.49e-03    1.73e-03
   1  1.788864e-01    2.45e-02    1.45e-02   4.06e-03   1.00e+00  3.00e+04        1    2.16e-03    3.92e-03
Ceres Solver Report: Iterations: 2, Initial cost: 2.034242e-01, Final cost: 1.788864e-01, Termination: NO_CONVERGENCE
Optimization iteration done.
iteration ...2
Matching points ...
Estimated pose: 
    0.999809   0.00775335   -0.0179657 -0.000331783
 -0.00737129     0.999747    0.0212355     0.011733
   0.0181258    -0.021099     0.999613    0.0497981
           0            0            0            1
Completed in 0.014163 seconds.
iter      cost      cost_change  |gradient|   |step|    tr_ratio  tr_radius  ls_iter  iter_time  total_time
   0  2.646529e-01    0.00e+00    1.03e+01   0.00e+00   0.00e+00  1.00e+04        0    3.09e-03    3.92e-03
   1  2.481464e-01    1.65e-02    2.13e-02   2.73e-03   1.00e+00  3.00e+04        1    6.27e-03    1.02e-02
Ceres Solver Report: Iterations: 2, Initial cost: 2.646529e-01, Final cost: 2.481464e-01, Termination: NO_CONVERGENCE
Optimization iteration done.
iteration ...3
Matching points ...
Estimated pose: 
   0.999788  0.00761998   -0.019124  9.9343e-05
-0.00718004     0.99971    0.022969    0.011203
  0.0192934  -0.0228269    0.999553   0.0513364
          0           0           0           1
Completed in 0.0142 seconds.
iter      cost      cost_change  |gradient|   |step|    tr_ratio  tr_radius  ls_iter  iter_time  total_time
   0  2.797193e-01    0.00e+00    7.52e+00   0.00e+00   0.00e+00  1.00e+04        0    1.96e-03    2.46e-03
   1  2.734761e-01    6.24e-03    9.84e-03   1.82e-03   1.00e+00  3.00e+04        1    4.45e-03    6.98e-03
Ceres Solver Report: Iterations: 2, Initial cost: 2.797193e-01, Final cost: 2.734761e-01, Termination: NO_CONVERGENCE
Optimization iteration done.
iteration ...4
Matching points ...
Estimated pose: 
    0.999785   0.00750289   -0.0193539 -0.000374133
  -0.0070304     0.999678    0.0243667    0.0105228
   0.0195305   -0.0242254     0.999516    0.0520299
           0            0            0            1
Completed in 0.012938 seconds.
iter      cost      cost_change  |gradient|   |step|    tr_ratio  tr_radius  ls_iter  iter_time  total_time
   0  2.631009e-01    0.00e+00    5.44e+00   0.00e+00   0.00e+00  1.00e+04        0    2.52e-03    3.31e-03
   1  2.598689e-01    3.23e-03    5.69e-03   1.44e-03   1.00e+00  3.00e+04        1    4.46e-03    7.81e-03
Ceres Solver Report: Iterations: 2, Initial cost: 2.631009e-01, Final cost: 2.598689e-01, Termination: NO_CONVERGENCE
Optimization iteration done.
iteration ...5
Matching points ...
Estimated pose: 
   0.999783  0.00749554  -0.0194612 -0.00095764
-0.00699937    0.999652   0.0254395  0.00989832
  0.0196451  -0.0252978    0.999487   0.0523533
          0           0           0           1
Completed in 0.099834 seconds.
iter      cost      cost_change  |gradient|   |step|    tr_ratio  tr_radius  ls_iter  iter_time  total_time
   0  2.050311e+00    0.00e+00    2.79e+01   0.00e+00   0.00e+00  1.00e+04        0    2.11e-02    3.31e-02
   1  2.038721e+00    1.16e-02    5.05e-03   7.60e-04   1.00e+00  3.00e+04        1    3.63e-02    6.95e-02
Ceres Solver Report: Iterations: 2, Initial cost: 2.050311e+00, Final cost: 2.038721e+00, Termination: NO_CONVERGENCE
Optimization iteration done.
iteration ...6
Matching points ...
Estimated pose: 
   0.999782  0.00767756  -0.0194458 -0.00159826
-0.00717485    0.999641   0.0257908   0.0100097
  0.0196368  -0.0256456    0.999478   0.0523903
          0           0           0           1
Completed in 0.097579 seconds.
iter      cost      cost_change  |gradient|   |step|    tr_ratio  tr_radius  ls_iter  iter_time  total_time
   0  1.999445e+00    0.00e+00    2.35e+01   0.00e+00   0.00e+00  1.00e+04        0    1.55e-02    2.88e-02
   1  1.991505e+00    7.94e-03    1.96e-03   5.76e-04   1.00e+00  3.00e+04        1    3.38e-02    6.26e-02
Ceres Solver Report: Iterations: 2, Initial cost: 1.999445e+00, Final cost: 1.991505e+00, Termination: NO_CONVERGENCE
Optimization iteration done.
iteration ...7
Matching points ...
Estimated pose: 
    0.99978  0.00781149  -0.0195066 -0.00209878
-0.00730307    0.999635   0.0260008   0.0101522
  0.0197026  -0.0258526    0.999472   0.0523459
          0           0           0           1
Completed in 0.098131 seconds.
iter      cost      cost_change  |gradient|   |step|    tr_ratio  tr_radius  ls_iter  iter_time  total_time
   0  1.805710e+00    0.00e+00    2.43e+01   0.00e+00   0.00e+00  1.00e+04        0    2.27e-02    3.65e-02
   1  1.799253e+00    6.46e-03    1.51e-03   4.61e-04   1.00e+00  3.00e+04        1    3.18e-02    6.84e-02
Ceres Solver Report: Iterations: 2, Initial cost: 1.805710e+00, Final cost: 1.799253e+00, Termination: NO_CONVERGENCE
Optimization iteration done.
iteration ...8
Matching points ...
Estimated pose: 
   0.999776  0.00794187  -0.0196397 -0.00248021
-0.00742682     0.99963   0.0261597   0.0102482
  0.0198402   -0.026008    0.999465   0.0522798
          0           0           0           1
Completed in 0.096978 seconds.
iter      cost      cost_change  |gradient|   |step|    tr_ratio  tr_radius  ls_iter  iter_time  total_time
   0  1.826424e+00    0.00e+00    2.20e+01   0.00e+00   0.00e+00  1.00e+04        0    2.23e-02    3.46e-02
   1  1.821292e+00    5.13e-03    1.31e-03   4.36e-04   1.00e+00  3.00e+04        1    3.86e-02    7.33e-02
Ceres Solver Report: Iterations: 2, Initial cost: 1.826424e+00, Final cost: 1.821292e+00, Termination: NO_CONVERGENCE
Optimization iteration done.
iteration ...9
Matching points ...
Estimated pose: 
   0.999773  0.00801439    -0.01974 -0.00286582
 -0.0074936    0.999625   0.0263167   0.0102847
  0.0199436  -0.0261628    0.999459    0.052208
          0           0           0           1
Completed in 0.097435 seconds.
iter      cost      cost_change  |gradient|   |step|    tr_ratio  tr_radius  ls_iter  iter_time  total_time
   0  1.743488e+00    0.00e+00    1.87e+01   0.00e+00   0.00e+00  1.00e+04        0    1.86e-02    3.18e-02
   1  1.739471e+00    4.02e-03    1.37e-03   4.48e-04   1.00e+00  3.00e+04        1    3.86e-02    7.05e-02
Ceres Solver Report: Iterations: 2, Initial cost: 1.743488e+00, Final cost: 1.739471e+00, Termination: NO_CONVERGENCE
Optimization iteration done.
Current camera pose: 
   0.999771 -0.00755199   0.0199972   0.0022948
 0.00807779     0.99962  -0.0263445 -0.00884009
 -0.0197906      0.0265    0.999453  -0.0524535
         -0          -0          -0           1
ProcessNextFrame [5 | 798]
Initializing FLANN index with 222118 points.
FLANN index created.
iteration ...0
Matching points ...
Estimated pose: 
   0.999772  0.00807779  -0.0197906 -0.00326095
-0.00755199     0.99962      0.0265   0.0102441
  0.0199972  -0.0263445    0.999453    0.052146
          0           0           0           1
Completed in 0.009022 seconds.
iter      cost      cost_change  |gradient|   |step|    tr_ratio  tr_radius  ls_iter  iter_time  total_time
   0  6.417869e-01    0.00e+00    2.10e+01   0.00e+00   0.00e+00  1.00e+04        0    1.01e-03    1.45e-03
   1  5.507254e-01    9.11e-02    1.85e-02   7.18e-03   1.00e+00  3.00e+04        1    3.16e-03    4.64e-03
Ceres Solver Report: Iterations: 2, Initial cost: 6.417869e-01, Final cost: 5.507254e-01, Termination: NO_CONVERGENCE
Optimization iteration done.
iteration ...1
Matching points ...
Estimated pose: 
   0.999788   0.0083358  -0.0188724  -0.0054016
-0.00778592    0.999548   0.0290248   0.0120948
  0.0191059  -0.0288717    0.999401   0.0581711
          0           0           0           1
Completed in 0.00787 seconds.
iter      cost      cost_change  |gradient|   |step|    tr_ratio  tr_radius  ls_iter  iter_time  total_time
   0  2.902170e-01    0.00e+00    9.57e+00   0.00e+00   0.00e+00  1.00e+04        0    1.06e-03    1.40e-03
   1  2.676827e-01    2.25e-02    2.01e-02   4.36e-03   1.00e+00  3.00e+04        1    3.01e-03    4.43e-03
Ceres Solver Report: Iterations: 2, Initial cost: 2.902170e-01, Final cost: 2.676827e-01, Termination: NO_CONVERGENCE
Optimization iteration done.
iteration ...2
Matching points ...
Estimated pose: 
   0.999789  0.00801635  -0.0189179 -0.00600716
-0.00740936    0.999462   0.0319402   0.0110101
  0.0191638  -0.0317933    0.999311   0.0610382
          0           0           0           1
Completed in 0.014027 seconds.
iter      cost      cost_change  |gradient|   |step|    tr_ratio  tr_radius  ls_iter  iter_time  total_time
   0  4.743585e-01    0.00e+00    9.09e+00   0.00e+00   0.00e+00  1.00e+04        0    2.93e-03    3.45e-03
   1  4.607571e-01    1.36e-02    2.94e-02   3.56e-03   1.00e+00  3.00e+04        1    5.63e-03    9.12e-03
Ceres Solver Report: Iterations: 2, Initial cost: 4.743585e-01, Final cost: 4.607571e-01, Termination: NO_CONVERGENCE
Optimization iteration done.
iteration ...3
Matching points ...
Estimated pose: 
    0.99977  0.00733336  -0.0201841 -0.00499886
-0.00664171    0.999395   0.0341231  0.00974196
  0.0204222  -0.0339812    0.999214   0.0626272
          0           0           0           1
Completed in 0.013494 seconds.
iter      cost      cost_change  |gradient|   |step|    tr_ratio  tr_radius  ls_iter  iter_time  total_time
   0  3.736024e-01    0.00e+00    6.14e+00   0.00e+00   0.00e+00  1.00e+04        0    2.01e-03    2.75e-03
   1  3.682062e-01    5.40e-03    1.35e-02   2.28e-03   1.00e+00  3.00e+04        1    4.64e-03    7.42e-03
Ceres Solver Report: Iterations: 2, Initial cost: 3.736024e-01, Final cost: 3.682062e-01, Termination: NO_CONVERGENCE
Optimization iteration done.
iteration ...4
Matching points ...
Estimated pose: 
   0.999761  0.00704866  -0.0207407 -0.00481521
-0.00630462    0.999342   0.0357226  0.00864754
  0.0209789  -0.0355833    0.999147   0.0634806
          0           0           0           1
Completed in 0.01337 seconds.
iter      cost      cost_change  |gradient|   |step|    tr_ratio  tr_radius  ls_iter  iter_time  total_time
   0  3.547268e-01    0.00e+00    3.06e+00   0.00e+00   0.00e+00  1.00e+04        0    2.12e-03    3.02e-03
   1  3.531500e-01    1.58e-03    4.27e-03   1.22e-03   1.00e+00  3.00e+04        1    8.46e-03    1.15e-02
Ceres Solver Report: Iterations: 2, Initial cost: 3.547268e-01, Final cost: 3.531500e-01, Termination: NO_CONVERGENCE
Optimization iteration done.
iteration ...5
Matching points ...
Estimated pose: 
   0.999749  0.00673701  -0.0214014 -0.00440791
-0.00595483    0.999319   0.0364036  0.00836426
  0.0216321   -0.036267    0.999108   0.0638893
          0           0           0           1
Completed in 0.094379 seconds.
iter      cost      cost_change  |gradient|   |step|    tr_ratio  tr_radius  ls_iter  iter_time  total_time
   0  2.663933e+00    0.00e+00    2.67e+01   0.00e+00   0.00e+00  1.00e+04        0    1.78e-02    2.91e-02
   1  2.652930e+00    1.10e-02    1.80e-02   9.22e-04   1.00e+00  3.00e+04        1    3.51e-02    6.43e-02
Ceres Solver Report: Iterations: 2, Initial cost: 2.663933e+00, Final cost: 2.652930e+00, Termination: NO_CONVERGENCE
Optimization iteration done.
iteration ...6
Matching points ...
Estimated pose: 
   0.999747  0.00672214  -0.0214837 -0.00484921
-0.00592226    0.999295    0.037081  0.00800961
  0.0217179  -0.0369443    0.999081   0.0640699
          0           0           0           1
Completed in 0.099962 seconds.
iter      cost      cost_change  |gradient|   |step|    tr_ratio  tr_radius  ls_iter  iter_time  total_time
   0  2.608900e+00    0.00e+00    2.13e+01   0.00e+00   0.00e+00  1.00e+04        0    1.80e-02    2.83e-02
   1  2.600997e+00    7.90e-03    1.45e-02   8.67e-04   1.00e+00  3.00e+04        1    3.50e-02    6.34e-02
Ceres Solver Report: Iterations: 2, Initial cost: 2.608900e+00, Final cost: 2.600997e+00, Termination: NO_CONVERGENCE
Optimization iteration done.
iteration ...7
Matching points ...
Estimated pose: 
   0.999746  0.00660136   -0.021579 -0.00524799
-0.00578452    0.999272   0.0376991  0.00762316
  0.0218122  -0.0375647    0.999056    0.064146
          0           0           0           1
Completed in 0.096914 seconds.
iter      cost      cost_change  |gradient|   |step|    tr_ratio  tr_radius  ls_iter  iter_time  total_time
   0  2.471295e+00    0.00e+00    1.88e+01   0.00e+00   0.00e+00  1.00e+04        0    1.89e-02    2.93e-02
   1  2.465426e+00    5.87e-03    9.12e-03   6.78e-04   1.00e+00  3.00e+04        1    3.65e-02    6.58e-02
Ceres Solver Report: Iterations: 2, Initial cost: 2.471295e+00, Final cost: 2.465426e+00, Termination: NO_CONVERGENCE
Optimization iteration done.
iteration ...8
Matching points ...
Estimated pose: 
   0.999743  0.00648168  -0.0217299 -0.00555157
-0.00564869    0.999255   0.0381784  0.00733239
  0.0219612  -0.0380459    0.999035   0.0641615
          0           0           0           1
Completed in 0.100343 seconds.
iter      cost      cost_change  |gradient|   |step|    tr_ratio  tr_radius  ls_iter  iter_time  total_time
   0  2.426094e+00    0.00e+00    1.89e+01   0.00e+00   0.00e+00  1.00e+04        0    1.69e-02    2.95e-02
   1  2.421230e+00    4.86e-03    6.17e-03   5.73e-04   1.00e+00  3.00e+04        1    3.57e-02    6.52e-02
Ceres Solver Report: Iterations: 2, Initial cost: 2.426094e+00, Final cost: 2.421230e+00, Termination: NO_CONVERGENCE
Optimization iteration done.
iteration ...9
Matching points ...
Estimated pose: 
   0.999741  0.00640352  -0.0218786 -0.00584386
-0.00555635    0.999241   0.0385652  0.00709356
   0.022109  -0.0384336    0.999017   0.0641607
          0           0           0           1
Completed in 0.098883 seconds.
iter      cost      cost_change  |gradient|   |step|    tr_ratio  tr_radius  ls_iter  iter_time  total_time
   0  2.427306e+00    0.00e+00    1.73e+01   0.00e+00   0.00e+00  1.00e+04        0    2.12e-02    3.43e-02
   1  2.423712e+00    3.59e-03    3.15e-03   4.30e-04   1.00e+00  3.00e+04        1    3.86e-02    7.29e-02
Ceres Solver Report: Iterations: 2, Initial cost: 2.427306e+00, Final cost: 2.423712e+00, Termination: NO_CONVERGENCE
Optimization iteration done.
Current camera pose: 
   0.999737 -0.00549056   0.0222327  0.00472993
 0.00634841    0.999231  -0.0387003 -0.00443172
 -0.0220031   0.0388313    0.999003  -0.0644786
         -0          -0          -0           1
ProcessNextFrame [6 | 798]
Initializing FLANN index with 222118 points.
FLANN index created.
iteration ...0
Matching points ...
Estimated pose: 
   0.999738  0.00634842  -0.0220032 -0.00611929
-0.00549056    0.999231   0.0388313  0.00695806
  0.0222328  -0.0387003    0.999004   0.0641377
          0           0           0           1
Completed in 0.008053 seconds.
iter      cost      cost_change  |gradient|   |step|    tr_ratio  tr_radius  ls_iter  iter_time  total_time
   0  5.164246e-01    0.00e+00    1.83e+01   0.00e+00   0.00e+00  1.00e+04        0    7.51e-04    1.08e-03
   1  4.531304e-01    6.33e-02    3.36e-02   8.98e-03   1.00e+00  3.00e+04        1    2.88e-03    3.99e-03
Ceres Solver Report: Iterations: 2, Initial cost: 5.164246e-01, Final cost: 4.531304e-01, Termination: NO_CONVERGENCE
Optimization iteration done.
iteration ...1
Matching points ...
Estimated pose: 
   0.999653  0.00695571    -0.02542 -0.00276708
-0.00600627    0.999288   0.0372374   0.0111929
   0.025661  -0.0370718    0.998983   0.0700043
