Initialize virtual sensor...
ProcessNextFrame [0 | 798]
ProcessNextFrame [1 | 798]
Initializing FLANN index with 222118 points.
FLANN index created.
iteration ...0
Matching points ...
Estimated pose: 
1 0 0 0
0 1 0 0
0 0 1 0
0 0 0 1
Completed in 0.120475 seconds.
iter      cost      cost_change  |gradient|   |step|    tr_ratio  tr_radius  ls_iter  iter_time  total_time
   0  4.403541e+00    0.00e+00    2.79e+02   0.00e+00   0.00e+00  1.00e+04        0    2.13e-02    3.60e-02
   1  3.553058e+00    8.50e-01    1.21e-01   6.94e-03   1.00e+00  3.00e+04        1    4.53e-02    8.17e-02
Ceres Solver Report: Iterations: 2, Initial cost: 4.403541e+00, Final cost: 3.553058e+00, Termination: NO_CONVERGENCE
Optimization iteration done.
iteration ...1
Matching points ...
Estimated pose: 
   0.999998  0.00138733 -0.00110603 0.000688857
-0.00138858    0.999998 -0.00112514  0.00403778
 0.00110446  0.00112668    0.999999  0.00518744
          0           0           0           1
Completed in 0.118179 seconds.
iter      cost      cost_change  |gradient|   |step|    tr_ratio  tr_radius  ls_iter  iter_time  total_time
   0  1.786348e+00    0.00e+00    1.34e+02   0.00e+00   0.00e+00  1.00e+04        0    1.96e-02    3.14e-02
   1  1.570044e+00    2.16e-01    9.55e-02   3.40e-03   1.00e+00  3.00e+04        1    4.49e-02    7.64e-02
Ceres Solver Report: Iterations: 2, Initial cost: 1.786348e+00, Final cost: 1.570044e+00, Termination: NO_CONVERGENCE
Optimization iteration done.
iteration ...2
Matching points ...
Estimated pose: 
   0.999995  0.00194767   -0.002515  0.00166399
-0.00195126    0.999997  -0.0014253  0.00521269
 0.00251222   0.0014302    0.999996  0.00779796
          0           0           0           1
Completed in 0.116249 seconds.
iter      cost      cost_change  |gradient|   |step|    tr_ratio  tr_radius  ls_iter  iter_time  total_time
   0  1.267363e+00    0.00e+00    7.47e+01   0.00e+00   0.00e+00  1.00e+04        0    2.11e-02    3.63e-02
   1  1.194957e+00    7.24e-02    5.50e-02   2.03e-03   1.00e+00  3.00e+04        1    3.56e-02    7.20e-02
Ceres Solver Report: Iterations: 2, Initial cost: 1.267363e+00, Final cost: 1.194957e+00, Termination: NO_CONVERGENCE
Optimization iteration done.
iteration ...3
Matching points ...
Estimated pose: 
   0.999992  0.00199572 -0.00360034  0.00248026
-0.00200042    0.999997 -0.00130289  0.00539531
 0.00359773  0.00131008    0.999993  0.00928277
          0           0           0           1
Completed in 0.111075 seconds.
iter      cost      cost_change  |gradient|   |step|    tr_ratio  tr_radius  ls_iter  iter_time  total_time
   0  1.085453e+00    0.00e+00    4.61e+01   0.00e+00   0.00e+00  1.00e+04        0    1.96e-02    3.13e-02
   1  1.045993e+00    3.95e-02    4.58e-02   1.57e-03   1.00e+00  3.00e+04        1    3.49e-02    6.62e-02
Ceres Solver Report: Iterations: 2, Initial cost: 1.085453e+00, Final cost: 1.045993e+00, Termination: NO_CONVERGENCE
Optimization iteration done.
iteration ...4
Matching points ...
Estimated pose: 
   0.999987    0.002206 -0.00459394  0.00317067
-0.00221109    0.999997   -0.001104    0.005318
 0.00459149  0.00111415    0.999989   0.0102408
          0           0           0           1
Completed in 0.111542 seconds.
iter      cost      cost_change  |gradient|   |step|    tr_ratio  tr_radius  ls_iter  iter_time  total_time
   0  1.016965e+00    0.00e+00    3.20e+01   0.00e+00   0.00e+00  1.00e+04        0    1.81e-02    3.10e-02
   1  1.001717e+00    1.52e-02    1.84e-02   9.14e-04   1.00e+00  3.00e+04        1    4.48e-02    7.59e-02
Ceres Solver Report: Iterations: 2, Initial cost: 1.016965e+00, Final cost: 1.001717e+00, Termination: NO_CONVERGENCE
Optimization iteration done.
iteration ...5
Matching points ...
Estimated pose: 
   0.999984  0.00234889 -0.00521188  0.00350934
-0.00235423    0.999997 -0.00101791  0.00529209
 0.00520947  0.00103016    0.999986   0.0107957
          0           0           0           1
Completed in 0.110593 seconds.
iter      cost      cost_change  |gradient|   |step|    tr_ratio  tr_radius  ls_iter  iter_time  total_time
   0  9.586776e-01    0.00e+00    2.93e+01   0.00e+00   0.00e+00  1.00e+04        0    2.16e-02    3.50e-02
   1  9.497611e-01    8.92e-03    1.05e-02   6.33e-04   1.00e+00  3.00e+04        1    4.09e-02    7.60e-02
Ceres Solver Report: Iterations: 2, Initial cost: 9.586776e-01, Final cost: 9.497611e-01, Termination: NO_CONVERGENCE
Optimization iteration done.
iteration ...6
Matching points ...
Estimated pose: 
   0.999981   0.0025705 -0.00567547  0.00366527
-0.00257612    0.999996 -0.00098284    0.005307
 0.00567292 0.000997441    0.999983   0.0111281
          0           0           0           1
Completed in 0.109838 seconds.
iter      cost      cost_change  |gradient|   |step|    tr_ratio  tr_radius  ls_iter  iter_time  total_time
   0  9.070883e-01    0.00e+00    2.54e+01   0.00e+00   0.00e+00  1.00e+04        0    2.23e-02    3.68e-02
   1  9.017659e-01    5.32e-03    7.33e-03   4.54e-04   1.00e+00  3.00e+04        1    4.04e-02    7.73e-02
Ceres Solver Report: Iterations: 2, Initial cost: 9.070883e-01, Final cost: 9.017659e-01, Termination: NO_CONVERGENCE
Optimization iteration done.
iteration ...7
Matching points ...
Estimated pose: 
    0.999978   0.00272945  -0.00604041   0.00374185
  -0.0027355     0.999996 -0.000994016   0.00533437
  0.00603767   0.00101052     0.999981    0.0113294
           0            0            0            1
Completed in 0.108933 seconds.
iter      cost      cost_change  |gradient|   |step|    tr_ratio  tr_radius  ls_iter  iter_time  total_time
   0  8.903180e-01    0.00e+00    1.85e+01   0.00e+00   0.00e+00  1.00e+04        0    1.61e-02    2.78e-02
   1  8.877653e-01    2.55e-03    4.28e-03   2.65e-04   1.00e+00  3.00e+04        1    3.47e-02    6.25e-02
Ceres Solver Report: Iterations: 2, Initial cost: 8.903180e-01, Final cost: 8.877653e-01, Termination: NO_CONVERGENCE
Optimization iteration done.
iteration ...8
Matching points ...
Estimated pose: 
   0.999977  0.00282253 -0.00624277  0.00367509
-0.00282904    0.999996 -0.00103324  0.00539251
 0.00623983  0.00105088     0.99998   0.0114371
          0           0           0           1
Completed in 0.10849 seconds.
iter      cost      cost_change  |gradient|   |step|    tr_ratio  tr_radius  ls_iter  iter_time  total_time
   0  8.773740e-01    0.00e+00    1.57e+01   0.00e+00   0.00e+00  1.00e+04        0    1.66e-02    2.84e-02
   1  8.754980e-01    1.88e-03    2.63e-03   2.26e-04   1.00e+00  3.00e+04        1    4.04e-02    6.88e-02
Ceres Solver Report: Iterations: 2, Initial cost: 8.773740e-01, Final cost: 8.754980e-01, Termination: NO_CONVERGENCE
Optimization iteration done.
iteration ...9
Matching points ...
Estimated pose: 
   0.999976  0.00290407 -0.00636604  0.00352129
-0.00291068    0.999995  -0.0010303  0.00538866
 0.00636302   0.0010488    0.999979   0.0115147
          0           0           0           1
Completed in 0.108129 seconds.
iter      cost      cost_change  |gradient|   |step|    tr_ratio  tr_radius  ls_iter  iter_time  total_time
   0  8.697308e-01    0.00e+00    1.26e+01   0.00e+00   0.00e+00  1.00e+04        0    1.87e-02    3.06e-02
   1  8.684830e-01    1.25e-03    1.50e-03   2.14e-04   1.00e+00  3.00e+04        1    3.51e-02    6.57e-02
Ceres Solver Report: Iterations: 2, Initial cost: 8.697308e-01, Final cost: 8.684830e-01, Termination: NO_CONVERGENCE
Optimization iteration done.
Current camera pose: 
   0.999975 -0.00296811  0.00642805 -0.00338984
 0.00296154    0.999995  0.00103119 -0.00539708
-0.00643108 -0.00101213    0.999979   -0.011534
          0          -0          -0           1
ProcessNextFrame [2 | 798]
Initializing FLANN index with 222118 points.
FLANN index created.
iteration ...0
Matching points ...
Estimated pose: 
   0.999975  0.00296154 -0.00643108  0.00333156
-0.00296811    0.999995 -0.00101213  0.00537532
 0.00642805  0.00103119    0.999979   0.0115611
          0           0           0           1
Completed in 0.132107 seconds.
iter      cost      cost_change  |gradient|   |step|    tr_ratio  tr_radius  ls_iter  iter_time  total_time
   0  9.441474e+00    0.00e+00    3.34e+02   0.00e+00   0.00e+00  1.00e+04        0    2.54e-02    3.75e-02
   1  7.923632e+00    1.52e+00    8.85e-02   9.18e-03   1.00e+00  3.00e+04        1    3.85e-02    7.60e-02
Ceres Solver Report: Iterations: 2, Initial cost: 9.441474e+00, Final cost: 7.923632e+00, Termination: NO_CONVERGENCE
Optimization iteration done.
iteration ...1
Matching points ...
Estimated pose: 
   0.999959  0.00525819 -0.00741587    0.003467
-0.00527126    0.999985 -0.00174374    0.011727
 0.00740658  0.00178276    0.999971   0.0176377
          0           0           0           1
Completed in 0.12754 seconds.
iter      cost      cost_change  |gradient|   |step|    tr_ratio  tr_radius  ls_iter  iter_time  total_time
   0  3.417573e+00    0.00e+00    1.69e+02   0.00e+00   0.00e+00  1.00e+04        0    2.01e-02    3.19e-02
   1  3.022306e+00    3.95e-01    1.42e-01   4.05e-03   1.00e+00  3.00e+04        1    3.83e-02    7.03e-02
Ceres Solver Report: Iterations: 2, Initial cost: 3.417573e+00, Final cost: 3.022306e+00, Termination: NO_CONVERGENCE
Optimization iteration done.
iteration ...2
Matching points ...
Estimated pose: 
   0.999942  0.00589925 -0.00905743  0.00437301
-0.00590948    0.999982 -0.00110307   0.0130763
 0.00905076  0.00115653    0.999958   0.0208394
          0           0           0           1
Completed in 0.123118 seconds.
iter      cost      cost_change  |gradient|   |step|    tr_ratio  tr_radius  ls_iter  iter_time  total_time
   0  2.132676e+00    0.00e+00    1.02e+02   0.00e+00   0.00e+00  1.00e+04        0    1.90e-02    3.13e-02
   1  1.973296e+00    1.59e-01    1.23e-01   2.68e-03   1.00e+00  3.00e+04        1    3.56e-02    6.69e-02
Ceres Solver Report: Iterations: 2, Initial cost: 2.132676e+00, Final cost: 1.973296e+00, Termination: NO_CONVERGENCE
Optimization iteration done.
iteration ...3
Matching points ...
Estimated pose: 
    0.999929   0.00623217   -0.0101987   0.00486382
 -0.00623127     0.999981  0.000120331    0.0126144
   0.0101993 -5.67717e-05     0.999948    0.0227715
           0            0            0            1
Completed in 0.120532 seconds.
iter      cost      cost_change  |gradient|   |step|    tr_ratio  tr_radius  ls_iter  iter_time  total_time
   0  1.693338e+00    0.00e+00    7.16e+01   0.00e+00   0.00e+00  1.00e+04        0    1.94e-02    3.12e-02
   1  1.604237e+00    8.91e-02    1.02e-01   2.46e-03   1.00e+00  3.00e+04        1    3.69e-02    6.82e-02
Ceres Solver Report: Iterations: 2, Initial cost: 1.693338e+00, Final cost: 1.604237e+00, Termination: NO_CONVERGENCE
Optimization iteration done.
iteration ...4
Matching points ...
Estimated pose: 
   0.999922  0.00656697  -0.0106415  0.00453171
-0.00655038    0.999977  0.00159304   0.0113126
  0.0106517 -0.00152322    0.999942   0.0240598
          0           0           0           1
Completed in 0.11862 seconds.
iter      cost      cost_change  |gradient|   |step|    tr_ratio  tr_radius  ls_iter  iter_time  total_time
   0  1.391271e+00    0.00e+00    5.16e+01   0.00e+00   0.00e+00  1.00e+04        0    1.98e-02    3.26e-02
   1  1.328894e+00    6.24e-02    1.01e-01   2.57e-03   1.00e+00  3.00e+04        1    3.91e-02    7.18e-02
Ceres Solver Report: Iterations: 2, Initial cost: 1.391271e+00, Final cost: 1.328894e+00, Termination: NO_CONVERGENCE
Optimization iteration done.
iteration ...5
Matching points ...
Estimated pose: 
   0.999919   0.0068164  -0.0107144  0.00372885
-0.00678309    0.999972  0.00314149  0.00970819
  0.0107355 -0.00306856    0.999938   0.0249405
          0           0           0           1
Completed in 0.117821 seconds.
iter      cost      cost_change  |gradient|   |step|    tr_ratio  tr_radius  ls_iter  iter_time  total_time
   0  1.261366e+00    0.00e+00    4.02e+01   0.00e+00   0.00e+00  1.00e+04        0    1.92e-02    3.10e-02
   1  1.223287e+00    3.81e-02    6.53e-02   2.17e-03   1.00e+00  3.00e+04        1    3.92e-02    7.02e-02
Ceres Solver Report: Iterations: 2, Initial cost: 1.261366e+00, Final cost: 1.223287e+00, Termination: NO_CONVERGENCE
Optimization iteration done.
iteration ...6
Matching points ...
Estimated pose: 
   0.999919  0.00701864  -0.0105921  0.00273183
-0.00697255    0.999966  0.00438117  0.00839853
  0.0106225 -0.00430696    0.999934   0.0255014
          0           0           0           1
Completed in 0.116849 seconds.
iter      cost      cost_change  |gradient|   |step|    tr_ratio  tr_radius  ls_iter  iter_time  total_time
   0  1.244434e+00    0.00e+00    2.81e+01   0.00e+00   0.00e+00  1.00e+04        0    1.73e-02    2.90e-02
   1  1.223973e+00    2.05e-02    2.90e-02   1.56e-03   1.00e+00  3.00e+04        1    3.97e-02    6.88e-02
Ceres Solver Report: Iterations: 2, Initial cost: 1.244434e+00, Final cost: 1.223973e+00, Termination: NO_CONVERGENCE
Optimization iteration done.
iteration ...7
Matching points ...
Estimated pose: 
   0.999919  0.00722055   -0.010485  0.00179201
-0.00716635    0.999961  0.00519777  0.00756064
  0.0105221 -0.00512221    0.999931   0.0257974
          0           0           0           1
Completed in 0.116674 seconds.
iter      cost      cost_change  |gradient|   |step|    tr_ratio  tr_radius  ls_iter  iter_time  total_time
   0  1.219131e+00    0.00e+00    2.66e+01   0.00e+00   0.00e+00  1.00e+04        0    1.96e-02    3.14e-02
   1  1.206380e+00    1.28e-02    1.47e-02   1.11e-03   1.00e+00  3.00e+04        1    3.57e-02    6.71e-02
Ceres Solver Report: Iterations: 2, Initial cost: 1.219131e+00, Final cost: 1.206380e+00, Termination: NO_CONVERGENCE
Optimization iteration done.
iteration ...8
Matching points ...
Estimated pose: 
   0.999918  0.00742344  -0.0104838  0.00107653
 -0.0073631    0.999956  0.00578192   0.0070058
  0.0105262 -0.00570425    0.999928   0.0259408
          0           0           0           1
Completed in 0.116382 seconds.
iter      cost      cost_change  |gradient|   |step|    tr_ratio  tr_radius  ls_iter  iter_time  total_time
   0  1.177898e+00    0.00e+00    2.68e+01   0.00e+00   0.00e+00  1.00e+04        0    2.07e-02    3.58e-02
   1  1.169427e+00    8.47e-03    5.57e-03   7.61e-04   1.00e+00  3.00e+04        1    3.81e-02    7.43e-02
Ceres Solver Report: Iterations: 2, Initial cost: 1.177898e+00, Final cost: 1.169427e+00, Termination: NO_CONVERGENCE
Optimization iteration done.
iteration ...9
Matching points ...
Estimated pose: 
   0.999916  0.00759012  -0.0105355  0.00049385
-0.00752573    0.999953  0.00613801  0.00672933
  0.0105816 -0.00605821    0.999926   0.0259823
          0           0           0           1
Completed in 0.116544 seconds.
iter      cost      cost_change  |gradient|   |step|    tr_ratio  tr_radius  ls_iter  iter_time  total_time
   0  1.134002e+00    0.00e+00    2.66e+01   0.00e+00   0.00e+00  1.00e+04        0    1.75e-02    2.93e-02
   1  1.127087e+00    6.92e-03    2.30e-03   6.25e-04   1.00e+00  3.00e+04        1    3.45e-02    6.38e-02
Ceres Solver Report: Iterations: 2, Initial cost: 1.134002e+00, Final cost: 1.127087e+00, Termination: NO_CONVERGENCE
Optimization iteration done.
Current camera pose: 
    0.999914  -0.00764417    0.0106458 -0.000174202
   0.0077114     0.999951  -0.00628864  -0.00642241
  -0.0105972    0.0063702     0.999924    -0.026007
          -0           -0           -0            1
ProcessNextFrame [3 | 798]
Initializing FLANN index with 222118 points.
FLANN index created.
iteration ...0
Matching points ...
Estimated pose: 
    0.999914   0.00771141   -0.0105972 -5.18889e-05
 -0.00764417     0.999951   0.00637019   0.00658643
   0.0106458  -0.00628864     0.999923    0.0259664
           0            0            0            1
Completed in 0.130116 seconds.
iter      cost      cost_change  |gradient|   |step|    tr_ratio  tr_radius  ls_iter  iter_time  total_time
   0  1.368755e+01    0.00e+00    3.88e+02   0.00e+00   0.00e+00  1.00e+04        0    1.94e-02    3.15e-02
   1  1.168615e+01    2.00e+00    1.74e-01   9.02e-03   1.00e+00  3.00e+04        1    4.08e-02    7.23e-02
Ceres Solver Report: Iterations: 2, Initial cost: 1.368755e+01, Final cost: 1.168615e+01, Termination: NO_CONVERGENCE
Optimization iteration done.
iteration ...1
Matching points ...
Estimated pose: 
   0.999889  0.00876255  -0.0120665  0.00126784
-0.00867246    0.999934  0.00749832   0.0115017
  0.0121314 -0.00739285    0.999899   0.0331141
          0           0           0           1
Completed in 0.124216 seconds.
iter      cost      cost_change  |gradient|   |step|    tr_ratio  tr_radius  ls_iter  iter_time  total_time
   0  5.347359e+00    0.00e+00    1.72e+02   0.00e+00   0.00e+00  1.00e+04        0    1.77e-02    2.95e-02
   1  4.884080e+00    4.63e-01    2.12e-01   4.13e-03   1.00e+00  3.00e+04        1    3.65e-02    6.60e-02
Ceres Solver Report: Iterations: 2, Initial cost: 5.347359e+00, Final cost: 4.884080e+00, Termination: NO_CONVERGENCE
Optimization iteration done.
iteration ...2
Matching points ...
Estimated pose: 
   0.999871    0.008852  -0.0133925  0.00206078
-0.00872749    0.999918  0.00932666   0.0123209
  0.0134739 -0.00920858    0.999867   0.0363622
          0           0           0           1
Completed in 0.122602 seconds.
iter      cost      cost_change  |gradient|   |step|    tr_ratio  tr_radius  ls_iter  iter_time  total_time
   0  3.061157e+00    0.00e+00    9.72e+01   0.00e+00   0.00e+00  1.00e+04        0    1.77e-02    2.96e-02
   1  2.906036e+00    1.55e-01    1.62e-01   2.68e-03   1.00e+00  3.00e+04        1    3.65e-02    6.61e-02
Ceres Solver Report: Iterations: 2, Initial cost: 3.061157e+00, Final cost: 2.906036e+00, Termination: NO_CONVERGENCE
Optimization iteration done.
iteration ...3
Matching points ...
Estimated pose: 
    0.99986  0.00876909  -0.0142619  0.00228369
-0.00861064    0.999901   0.0111334   0.0118407
  0.0143581   -0.011009    0.999836   0.0380037
          0           0           0           1
Completed in 0.117885 seconds.
iter      cost      cost_change  |gradient|   |step|    tr_ratio  tr_radius  ls_iter  iter_time  total_time
   0  2.175592e+00    0.00e+00    6.88e+01   0.00e+00   0.00e+00  1.00e+04        0    2.01e-02    3.16e-02
   1  2.108917e+00    6.67e-02    1.08e-01   2.00e-03   1.00e+00  3.00e+04        1    3.76e-02    6.93e-02
Ceres Solver Report: Iterations: 2, Initial cost: 2.175592e+00, Final cost: 2.108917e+00, Termination: NO_CONVERGENCE
Optimization iteration done.
iteration ...4
Matching points ...
Estimated pose: 
  0.999851 0.00868156 -0.0149327 0.00224046
-0.0084931   0.999884  0.0126378  0.0111218
 0.0150407 -0.0125091   0.999808  0.0388064
         0          0          0          1
Completed in 0.117767 seconds.
iter      cost      cost_change  |gradient|   |step|    tr_ratio  tr_radius  ls_iter  iter_time  total_time
   0  1.880397e+00    0.00e+00    5.07e+01   0.00e+00   0.00e+00  1.00e+04        0    1.77e-02    2.94e-02
   1  1.844646e+00    3.58e-02    6.44e-02   1.57e-03   1.00e+00  3.00e+04        1    3.73e-02    6.68e-02
Ceres Solver Report: Iterations: 2, Initial cost: 1.880397e+00, Final cost: 1.844646e+00, Termination: NO_CONVERGENCE
Optimization iteration done.
iteration ...5
Matching points ...
Estimated pose: 
   0.999846  0.00857668  -0.0153505  0.00190302
-0.00836425    0.999869   0.0138497   0.0104176
  0.0154673  -0.0137191    0.999786   0.0391812
          0           0           0           1
Completed in 0.11703 seconds.
iter      cost      cost_change  |gradient|   |step|    tr_ratio  tr_radius  ls_iter  iter_time  total_time
   0  1.743046e+00    0.00e+00    4.26e+01   0.00e+00   0.00e+00  1.00e+04        0    1.82e-02    2.99e-02
   1  1.717953e+00    2.51e-02    5.05e-02   1.51e-03   1.00e+00  3.00e+04        1    3.69e-02    6.68e-02
Ceres Solver Report: Iterations: 2, Initial cost: 1.743046e+00, Final cost: 1.717953e+00, Termination: NO_CONVERGENCE
Optimization iteration done.
iteration ...6
Matching points ...
Estimated pose: 
   0.999844  0.00841184  -0.0155689  0.00139436
-0.00817878    0.999854    0.014973  0.00965031
  0.0156925  -0.0148433    0.999766   0.0393689
          0           0           0           1
Completed in 0.117594 seconds.
iter      cost      cost_change  |gradient|   |step|    tr_ratio  tr_radius  ls_iter  iter_time  total_time
   0  1.658512e+00    0.00e+00    3.66e+01   0.00e+00   0.00e+00  1.00e+04        0    1.92e-02    3.08e-02
   1  1.639613e+00    1.89e-02    3.95e-02   1.42e-03   1.00e+00  3.00e+04        1    3.59e-02    6.67e-02
Ceres Solver Report: Iterations: 2, Initial cost: 1.658512e+00, Final cost: 1.639613e+00, Termination: NO_CONVERGENCE
Optimization iteration done.
iteration ...7
Matching points ...
Estimated pose: 
   0.999843   0.0082722  -0.0156613 0.000807676
-0.00802177     0.99984   0.0159855   0.0089002
   0.015791  -0.0158574    0.999749   0.0394447
          0           0           0           1
Completed in 0.116603 seconds.
iter      cost      cost_change  |gradient|   |step|    tr_ratio  tr_radius  ls_iter  iter_time  total_time
   0  1.642790e+00    0.00e+00    2.93e+01   0.00e+00   0.00e+00  1.00e+04        0    1.93e-02    3.10e-02
   1  1.629411e+00    1.34e-02    2.50e-02   1.30e-03   1.00e+00  3.00e+04        1    4.17e-02    7.27e-02
Ceres Solver Report: Iterations: 2, Initial cost: 1.642790e+00, Final cost: 1.629411e+00, Termination: NO_CONVERGENCE
Optimization iteration done.
iteration ...8
Matching points ...
Estimated pose: 
   0.999847  0.00810986  -0.0155449 3.07378e-05
-0.00784866    0.999828   0.0167908  0.00830214
  0.0156784  -0.0166662    0.999738   0.0394516
          0           0           0           1
Completed in 0.116154 seconds.
iter      cost      cost_change  |gradient|   |step|    tr_ratio  tr_radius  ls_iter  iter_time  total_time
   0  1.603835e+00    0.00e+00    2.50e+01   0.00e+00   0.00e+00  1.00e+04        0    1.60e-02    2.77e-02
   1  1.593441e+00    1.04e-02    2.01e-02   1.22e-03   1.00e+00  3.00e+04        1    3.97e-02    6.75e-02
Ceres Solver Report: Iterations: 2, Initial cost: 1.603835e+00, Final cost: 1.593441e+00, Termination: NO_CONVERGENCE
Optimization iteration done.
iteration ...9
Matching points ...
Estimated pose: 
     0.99985   0.00800567   -0.0153761 -0.000734956
 -0.00773626     0.999817    0.0175016    0.0077389
   0.0155134   -0.0173801     0.999728    0.0394378
           0            0            0            1
Completed in 0.115534 seconds.
iter      cost      cost_change  |gradient|   |step|    tr_ratio  tr_radius  ls_iter  iter_time  total_time
   0  1.582883e+00    0.00e+00    2.15e+01   0.00e+00   0.00e+00  1.00e+04        0    1.75e-02    2.91e-02
   1  1.574784e+00    8.10e-03    1.52e-02   1.09e-03   1.00e+00  3.00e+04        1    3.69e-02    6.61e-02
Ceres Solver Report: Iterations: 2, Initial cost: 1.582883e+00, Final cost: 1.574784e+00, Termination: NO_CONVERGENCE
Optimization iteration done.
Current camera pose: 
   0.999853 -0.00760108   0.0153558 0.000885593
 0.00787721    0.999807  -0.0180026 -0.00652471
  -0.015216   0.0181209     0.99972  -0.0395439
         -0          -0          -0           1
ProcessNextFrame [4 | 798]
Initializing FLANN index with 222118 points.
FLANN index created.
iteration ...0
Matching points ...
Estimated pose: 
   0.999853  0.00787721   -0.015216 -0.00143577
-0.00760108    0.999807   0.0181209  0.00724675
  0.0153558  -0.0180026     0.99972   0.0394018
          0           0           0           1
Completed in 0.128226 seconds.
iter      cost      cost_change  |gradient|   |step|    tr_ratio  tr_radius  ls_iter  iter_time  total_time
   0  7.275785e+00    0.00e+00    3.91e+02   0.00e+00   0.00e+00  1.00e+04        0    1.79e-02    2.98e-02
   1  5.375063e+00    1.90e+00    1.53e-01   8.95e-03   1.00e+00  3.00e+04        1    3.47e-02    6.46e-02
Ceres Solver Report: Iterations: 2, Initial cost: 7.275785e+00, Final cost: 5.375063e+00, Termination: NO_CONVERGENCE
Optimization iteration done.
iteration ...1
Matching points ...
Estimated pose: 
   0.999822  0.00859084  -0.0167955 -0.00062898
-0.00827471    0.999789   0.0188019   0.0120856
  0.0169535  -0.0186596    0.999682   0.0466635
          0           0           0           1
Completed in 0.120238 seconds.
iter      cost      cost_change  |gradient|   |step|    tr_ratio  tr_radius  ls_iter  iter_time  total_time
   0  3.405878e+00    0.00e+00    1.61e+02   0.00e+00   0.00e+00  1.00e+04        0    1.83e-02    3.00e-02
   1  3.020022e+00    3.86e-01    2.05e-01   3.90e-03   1.00e+00  3.00e+04        1    3.84e-02    6.85e-02
Ceres Solver Report: Iterations: 2, Initial cost: 3.405878e+00, Final cost: 3.020022e+00, Termination: NO_CONVERGENCE
Optimization iteration done.
iteration ...2
Matching points ...
Estimated pose: 
    0.999803    0.0084251   -0.0180029 -9.13969e-05
 -0.00805196     0.999753    0.0206991    0.0124515
   0.0181729   -0.0205501     0.999623    0.0497496
           0            0            0            1
Completed in 0.116181 seconds.
iter      cost      cost_change  |gradient|   |step|    tr_ratio  tr_radius  ls_iter  iter_time  total_time
   0  2.619803e+00    0.00e+00    8.11e+01   0.00e+00   0.00e+00  1.00e+04        0    1.73e-02    2.88e-02
   1  2.500492e+00    1.19e-01    1.33e-01   2.45e-03   1.00e+00  3.00e+04        1    3.45e-02    6.34e-02
Ceres Solver Report: Iterations: 2, Initial cost: 2.619803e+00, Final cost: 2.500492e+00, Termination: NO_CONVERGENCE
Optimization iteration done.
iteration ...3
Matching points ...
Estimated pose: 
     0.99979   0.00830658   -0.0187267 -5.26939e-05
 -0.00788677     0.999718    0.0223809    0.0119301
   0.0189073   -0.0222286     0.999574    0.0512257
           0            0            0            1
Completed in 0.114776 seconds.
iter      cost      cost_change  |gradient|   |step|    tr_ratio  tr_radius  ls_iter  iter_time  total_time
   0  2.357098e+00    0.00e+00    5.64e+01   0.00e+00   0.00e+00  1.00e+04        0    1.80e-02    2.96e-02
   1  2.310886e+00    4.62e-02    7.33e-02   1.71e-03   1.00e+00  3.00e+04        1    4.19e-02    7.15e-02
Ceres Solver Report: Iterations: 2, Initial cost: 2.357098e+00, Final cost: 2.310886e+00, Termination: NO_CONVERGENCE
Optimization iteration done.
iteration ...4
Matching points ...
Estimated pose: 
    0.999784    0.0081606   -0.0191207 -0.000307666
 -0.00770677      0.99969    0.0236896    0.0113284
   0.0193081   -0.0235371     0.999536    0.0519268
           0            0            0            1
Completed in 0.114061 seconds.
iter      cost      cost_change  |gradient|   |step|    tr_ratio  tr_radius  ls_iter  iter_time  total_time
   0  2.234578e+00    0.00e+00    4.16e+01   0.00e+00   0.00e+00  1.00e+04        0    1.94e-02    3.11e-02
   1  2.211140e+00    2.34e-02    3.55e-02   1.19e-03   1.00e+00  3.00e+04        1    3.81e-02    6.92e-02
Ceres Solver Report: Iterations: 2, Initial cost: 2.234578e+00, Final cost: 2.211140e+00, Termination: NO_CONVERGENCE
Optimization iteration done.
iteration ...5
Matching points ...
Estimated pose: 
    0.999781    0.0081296   -0.0193199 -0.000778137
 -0.00765294     0.999668     0.024619    0.0109115
   0.0195136   -0.0244658      0.99951    0.0522157
           0            0            0            1
Completed in 0.113342 seconds.
iter      cost      cost_change  |gradient|   |step|    tr_ratio  tr_radius  ls_iter  iter_time  total_time
   0  2.042370e+00    0.00e+00    2.95e+01   0.00e+00   0.00e+00  1.00e+04        0    1.91e-02    3.06e-02
   1  2.029087e+00    1.33e-02    1.67e-02   8.75e-04   1.00e+00  3.00e+04        1    3.76e-02    6.82e-02
Ceres Solver Report: Iterations: 2, Initial cost: 2.042370e+00, Final cost: 2.029087e+00, Termination: NO_CONVERGENCE
Optimization iteration done.
iteration ...6
Matching points ...
Estimated pose: 
   0.999778  0.00812933  -0.0194555 -0.00126174
-0.00763672    0.999652   0.0252615   0.0106333
  0.0196541  -0.0251073    0.999491   0.0523034
          0           0           0           1
Completed in 0.112823 seconds.
iter      cost      cost_change  |gradient|   |step|    tr_ratio  tr_radius  ls_iter  iter_time  total_time
   0  1.868230e+00    0.00e+00    2.58e+01   0.00e+00   0.00e+00  1.00e+04        0    1.91e-02    3.06e-02
   1  1.858912e+00    9.32e-03    8.17e-03   6.22e-04   1.00e+00  3.00e+04        1    3.86e-02    6.93e-02
Ceres Solver Report: Iterations: 2, Initial cost: 1.868230e+00, Final cost: 1.858912e+00, Termination: NO_CONVERGENCE
Optimization iteration done.
iteration ...7
Matching points ...
Estimated pose: 
   0.999774  0.00816015   -0.019635 -0.00165344
-0.00765458    0.999641   0.0256872   0.0104964
  0.0198376  -0.0255311    0.999477   0.0523212
          0           0           0           1
Completed in 0.113427 seconds.
iter      cost      cost_change  |gradient|   |step|    tr_ratio  tr_radius  ls_iter  iter_time  total_time
   0  1.847653e+00    0.00e+00    2.33e+01   0.00e+00   0.00e+00  1.00e+04        0    1.85e-02    3.00e-02
   1  1.840792e+00    6.86e-03    4.00e-03   5.61e-04   1.00e+00  3.00e+04        1    3.92e-02    6.93e-02
Ceres Solver Report: Iterations: 2, Initial cost: 1.847653e+00, Final cost: 1.840792e+00, Termination: NO_CONVERGENCE
Optimization iteration done.
iteration ...8
Matching points ...
Estimated pose: 
   0.999772  0.00817849  -0.0197416 -0.00209088
-0.00766385    0.999632    0.026005   0.0103946
   0.019947  -0.0258478    0.999467    0.052276
          0           0           0           1
Completed in 0.113331 seconds.
iter      cost      cost_change  |gradient|   |step|    tr_ratio  tr_radius  ls_iter  iter_time  total_time
   0  1.823437e+00    0.00e+00    2.06e+01   0.00e+00   0.00e+00  1.00e+04        0    1.99e-02    3.15e-02
   1  1.818330e+00    5.11e-03    2.13e-03   4.96e-04   1.00e+00  3.00e+04        1    3.40e-02    6.55e-02
Ceres Solver Report: Iterations: 2, Initial cost: 1.823437e+00, Final cost: 1.818330e+00, Termination: NO_CONVERGENCE
Optimization iteration done.
iteration ...9
Matching points ...
Estimated pose: 
   0.999771  0.00817882  -0.0198108  -0.0025172
-0.00765772    0.999626   0.0262383   0.0103404
   0.020018  -0.0260806    0.999459   0.0522171
          0           0           0           1
Completed in 0.112797 seconds.
iter      cost      cost_change  |gradient|   |step|    tr_ratio  tr_radius  ls_iter  iter_time  total_time
   0  1.741207e+00    0.00e+00    1.91e+01   0.00e+00   0.00e+00  1.00e+04        0    1.80e-02    2.96e-02
   1  1.736907e+00    4.30e-03    1.78e-03   4.82e-04   1.00e+00  3.00e+04        1    3.68e-02    6.65e-02
Ceres Solver Report: Iterations: 2, Initial cost: 1.741207e+00, Final cost: 1.736907e+00, Termination: NO_CONVERGENCE
Optimization iteration done.
Current camera pose: 
   0.999769 -0.00767661   0.0200725  0.00195989
  0.0082035     0.99962  -0.0263004 -0.00885556
  -0.019863    0.026459    0.999453   -0.052458
         -0          -0          -0           1
ProcessNextFrame [5 | 798]
Initializing FLANN index with 222118 points.
FLANN index created.
iteration ...0
Matching points ...
Estimated pose: 
   0.999769  0.00820351   -0.019863 -0.00292877
-0.00767661    0.999621    0.026459   0.0102552
  0.0200725  -0.0263004    0.999452    0.052157
          0           0           0           1
Completed in 0.124482 seconds.
iter      cost      cost_change  |gradient|   |step|    tr_ratio  tr_radius  ls_iter  iter_time  total_time
   0  9.574485e+00    0.00e+00    3.22e+02   0.00e+00   0.00e+00  1.00e+04        0    1.65e-02    2.94e-02
   1  8.231432e+00    1.34e+00    1.78e-01   6.77e-03   1.00e+00  3.00e+04        1    3.89e-02    6.83e-02
Ceres Solver Report: Iterations: 2, Initial cost: 9.574485e+00, Final cost: 8.231432e+00, Termination: NO_CONVERGENCE
Optimization iteration done.
iteration ...1
Matching points ...
Estimated pose: 
   0.999766  0.00885454  -0.0197357 -0.00391279
 -0.0082914    0.999561   0.0284354   0.0127644
  0.0199788  -0.0282651    0.999401    0.058031
          0           0           0           1
Completed in 0.11873 seconds.
iter      cost      cost_change  |gradient|   |step|    tr_ratio  tr_radius  ls_iter  iter_time  total_time
   0  4.595995e+00    0.00e+00    1.52e+02   0.00e+00   0.00e+00  1.00e+04        0    1.91e-02    3.17e-02
   1  4.245150e+00    3.51e-01    2.80e-01   4.12e-03   1.00e+00  3.00e+04        1    3.62e-02    6.79e-02
Ceres Solver Report: Iterations: 2, Initial cost: 4.595995e+00, Final cost: 4.245150e+00, Termination: NO_CONVERGENCE
Optimization iteration done.
iteration ...2
Matching points ...
Estimated pose: 
    0.99976  0.00863524  -0.0201572 -0.00409171
-0.00800571    0.999484   0.0311056   0.0119703
  0.0204154  -0.0309368    0.999313   0.0609333
          0           0           0           1
Completed in 0.114757 seconds.
iter      cost      cost_change  |gradient|   |step|    tr_ratio  tr_radius  ls_iter  iter_time  total_time
   0  3.453230e+00    0.00e+00    7.69e+01   0.00e+00   0.00e+00  1.00e+04        0    1.86e-02    3.12e-02
   1  3.338551e+00    1.15e-01    1.95e-01   3.16e-03   1.00e+00  3.00e+04        1    3.38e-02    6.50e-02
Ceres Solver Report: Iterations: 2, Initial cost: 3.453230e+00, Final cost: 3.338551e+00, Termination: NO_CONVERGENCE
Optimization iteration done.
iteration ...3
Matching points ...
Estimated pose: 
   0.999753  0.00829142  -0.0206288 -0.00403261
 -0.0076008    0.999416   0.0333344   0.0106296
  0.0208931  -0.0331694    0.999231   0.0624706
          0           0           0           1
Completed in 0.113599 seconds.
iter      cost      cost_change  |gradient|   |step|    tr_ratio  tr_radius  ls_iter  iter_time  total_time
   0  3.051082e+00    0.00e+00    5.07e+01   0.00e+00   0.00e+00  1.00e+04        0    1.88e-02    3.13e-02
   1  3.004970e+00    4.61e-02    1.08e-01   2.34e-03   1.00e+00  3.00e+04        1    3.58e-02    6.71e-02
Ceres Solver Report: Iterations: 2, Initial cost: 3.051082e+00, Final cost: 3.004970e+00, Termination: NO_CONVERGENCE
Optimization iteration done.
iteration ...4
Matching points ...
Estimated pose: 
    0.99975  0.00789655  -0.0209274 -0.00423606
-0.00716072    0.999362   0.0350057  0.00945777
  0.0211904  -0.0348471    0.999168     0.06331
          0           0           0           1
Completed in 0.113736 seconds.
iter      cost      cost_change  |gradient|   |step|    tr_ratio  tr_radius  ls_iter  iter_time  total_time
   0  2.732283e+00    0.00e+00    3.51e+01   0.00e+00   0.00e+00  1.00e+04        0    1.91e-02    3.18e-02
   1  2.711316e+00    2.10e-02    5.66e-02   1.65e-03   1.00e+00  3.00e+04        1    4.09e-02    7.27e-02
Ceres Solver Report: Iterations: 2, Initial cost: 2.732283e+00, Final cost: 2.711316e+00, Termination: NO_CONVERGENCE
Optimization iteration done.
iteration ...5
Matching points ...
Estimated pose: 
   0.999745  0.00744835  -0.0213117 -0.00434229
-0.00667391    0.999323   0.0361819  0.00866384
  0.0215667  -0.0360305    0.999118   0.0637638
          0           0           0           1
Completed in 0.114179 seconds.
iter      cost      cost_change  |gradient|   |step|    tr_ratio  tr_radius  ls_iter  iter_time  total_time
   0  2.649751e+00    0.00e+00    2.56e+01   0.00e+00   0.00e+00  1.00e+04        0    1.63e-02    2.89e-02
   1  2.638200e+00    1.16e-02    2.56e-02   1.09e-03   1.00e+00  3.00e+04        1    3.67e-02    6.57e-02
Ceres Solver Report: Iterations: 2, Initial cost: 2.649751e+00, Final cost: 2.638200e+00, Termination: NO_CONVERGENCE
Optimization iteration done.
iteration ...6
Matching points ...
Estimated pose: 
   0.999742  0.00719068  -0.0215527 -0.00461533
-0.00639034    0.999296   0.0369756  0.00816311
  0.0218034  -0.0368284    0.999084   0.0639795
          0           0           0           1
Completed in 0.113608 seconds.
iter      cost      cost_change  |gradient|   |step|    tr_ratio  tr_radius  ls_iter  iter_time  total_time
   0  2.527391e+00    0.00e+00    2.07e+01   0.00e+00   0.00e+00  1.00e+04        0    1.94e-02    3.20e-02
   1  2.519172e+00    8.22e-03    1.60e-02   8.95e-04   1.00e+00  3.00e+04        1    3.71e-02    6.91e-02
Ceres Solver Report: Iterations: 2, Initial cost: 2.527391e+00, Final cost: 2.519172e+00, Termination: NO_CONVERGENCE
Optimization iteration done.
iteration ...7
Matching points ...
Estimated pose: 
    0.99974  0.00698644  -0.0217189  -0.0049528
-0.00616604    0.999273   0.0376138  0.00775439
  0.0219659  -0.0374701    0.999056    0.064071
          0           0           0           1
Completed in 0.113024 seconds.
iter      cost      cost_change  |gradient|   |step|    tr_ratio  tr_radius  ls_iter  iter_time  total_time
   0  2.424902e+00    0.00e+00    1.95e+01   0.00e+00   0.00e+00  1.00e+04        0    1.89e-02    3.15e-02
   1  2.418957e+00    5.95e-03    1.06e-02   7.23e-04   1.00e+00  3.00e+04        1    3.45e-02    6.60e-02
Ceres Solver Report: Iterations: 2, Initial cost: 2.424902e+00, Final cost: 2.418957e+00, Termination: NO_CONVERGENCE
Optimization iteration done.
iteration ...8
Matching points ...
Estimated pose: 
   0.999737   0.0067676  -0.0219285 -0.00519113
-0.00592829    0.999256   0.0381162  0.00743733
  0.0221702  -0.0379762    0.999032   0.0641015
          0           0           0           1
Completed in 0.112785 seconds.
iter      cost      cost_change  |gradient|   |step|    tr_ratio  tr_radius  ls_iter  iter_time  total_time
   0  2.415925e+00    0.00e+00    1.83e+01   0.00e+00   0.00e+00  1.00e+04        0    1.89e-02    3.14e-02
   1  2.411124e+00    4.80e-03    6.87e-03   6.11e-04   1.00e+00  3.00e+04        1    3.53e-02    6.68e-02
Ceres Solver Report: Iterations: 2, Initial cost: 2.415925e+00, Final cost: 2.411124e+00, Termination: NO_CONVERGENCE
Optimization iteration done.
iteration ...9
Matching points ...
Estimated pose: 
   0.999735  0.00664636  -0.0220773  -0.0054811
-0.00579231    0.999241    0.038526  0.00716705
  0.0223166  -0.0383879    0.999013   0.0641181
          0           0           0           1
Completed in 0.11332 seconds.
iter      cost      cost_change  |gradient|   |step|    tr_ratio  tr_radius  ls_iter  iter_time  total_time
   0  2.429006e+00    0.00e+00    1.66e+01   0.00e+00   0.00e+00  1.00e+04        0    1.98e-02    3.37e-02
   1  2.425611e+00    3.40e-03    3.09e-03   4.51e-04   1.00e+00  3.00e+04        1    3.30e-02    6.68e-02
Ceres Solver Report: Iterations: 2, Initial cost: 2.429006e+00, Final cost: 2.425611e+00, Termination: NO_CONVERGENCE
Optimization iteration done.
Current camera pose: 
   0.999732 -0.00568229    0.022414  0.00438907
 0.00654597    0.999231  -0.0386498 -0.00450714
 -0.0221772   0.0387863    0.999002  -0.0644419
         -0          -0          -0           1
ProcessNextFrame [6 | 798]
Initializing FLANN index with 222118 points.
FLANN index created.
iteration ...0
Matching points ...
Estimated pose: 
   0.999733  0.00654598  -0.0221772 -0.00578753
-0.00568229    0.999231   0.0387862  0.00702807
   0.022414  -0.0386499    0.999001    0.064105
          0           0           0           1
Completed in 0.123111 seconds.
iter      cost      cost_change  |gradient|   |step|    tr_ratio  tr_radius  ls_iter  iter_time  total_time
   0  8.639014e+00    0.00e+00    2.95e+02   0.00e+00   0.00e+00  1.00e+04        0    1.55e-02    2.81e-02
   1  7.680935e+00    9.58e-01    3.86e-01   8.46e-03   1.00e+00  3.00e+04        1    3.95e-02    6.77e-02
Ceres Solver Report: Iterations: 2, Initial cost: 8.639014e+00, Final cost: 7.680935e+00, Termination: NO_CONVERGENCE
Optimization iteration done.
iteration ...1
Matching points ...
Estimated pose: 
   0.999669  0.00669378  -0.0248728 -0.00288069
-0.00576688    0.999293   0.0371519   0.0112676
  0.0251039  -0.0369961       0.999   0.0698735
          0           0           0           1
Completed in 0.116968 seconds.
