Initialize virtual sensor...
ProcessNextFrame [0 | 798]
ProcessNextFrame [1 | 798]
depthIntrinsics   525     0 319.5
    0   525 239.5
    0     0     1
target.getWidth() 640
target.getHeight() 480
iteration ...0
Matching points ...
Estimated pose: 
1 0 0 0
0 1 0 0
0 0 1 0
0 0 0 1
total possible nMatches: 27845
nTargetPoints: 307200
total actual nMatches: 27750
total non 0 dist nMatches: 0
Completed in 0.045168 seconds.
iter      cost      cost_change  |gradient|   |step|    tr_ratio  tr_radius  ls_iter  iter_time  total_time
   0  2.144527e+00    0.00e+00    2.83e+02   0.00e+00   0.00e+00  1.00e+04        0    2.26e-02    3.98e-02
   1  1.245698e+00    8.99e-01    1.73e-01   7.25e-03   1.00e+00  3.00e+04        1    4.47e-02    8.50e-02
Ceres Solver Report: Iterations: 2, Initial cost: 2.144527e+00, Final cost: 1.245698e+00, Termination: NO_CONVERGENCE
Optimization iteration done.
iteration ...1
Matching points ...
Estimated pose: 
    0.999998  0.000766462  -0.00165655   0.00146668
-0.000768199     0.999999  -0.00104844   0.00402639
  0.00165575   0.00104971     0.999998   0.00545615
           0            0            0            1
total possible nMatches: 27845
nTargetPoints: 307200
total actual nMatches: 27765
total non 0 dist nMatches: 0
Completed in 0.045123 seconds.
iter      cost      cost_change  |gradient|   |step|    tr_ratio  tr_radius  ls_iter  iter_time  total_time
   0  1.035282e+00    0.00e+00    1.33e+02   0.00e+00   0.00e+00  1.00e+04        0    1.81e-02    2.92e-02
   1  8.207436e-01    2.15e-01    1.10e-01   3.67e-03   1.00e+00  3.00e+04        1    3.75e-02    6.67e-02
Ceres Solver Report: Iterations: 2, Initial cost: 1.035282e+00, Final cost: 8.207436e-01, Termination: NO_CONVERGENCE
Optimization iteration done.
iteration ...2
Matching points ...
Estimated pose: 
   0.999994  0.00117297 -0.00318314  0.00282381
 -0.0011776    0.999998 -0.00145374  0.00540549
 0.00318143  0.00145748    0.999994  0.00811736
          0           0           0           1
total possible nMatches: 27845
nTargetPoints: 307200
total actual nMatches: 27769
total non 0 dist nMatches: 0
Completed in 0.022587 seconds.
iter      cost      cost_change  |gradient|   |step|    tr_ratio  tr_radius  ls_iter  iter_time  total_time
   0  7.498740e-01    0.00e+00    7.11e+01   0.00e+00   0.00e+00  1.00e+04        0    1.64e-02    2.83e-02
   1  6.855445e-01    6.43e-02    4.69e-02   2.00e-03   1.00e+00  3.00e+04        1    3.61e-02    6.44e-02
Ceres Solver Report: Iterations: 2, Initial cost: 7.498740e-01, Final cost: 6.855445e-01, Termination: NO_CONVERGENCE
Optimization iteration done.
iteration ...3
Matching points ...
Estimated pose: 
   0.999991  0.00119334 -0.00419193  0.00366791
-0.00119964    0.999998 -0.00149878   0.0058155
 0.00419013   0.0015038     0.99999  0.00956493
          0           0           0           1
total possible nMatches: 27845
nTargetPoints: 307200
total actual nMatches: 27770
total non 0 dist nMatches: 0
Completed in 0.022196 seconds.
iter      cost      cost_change  |gradient|   |step|    tr_ratio  tr_radius  ls_iter  iter_time  total_time
   0  6.572705e-01    0.00e+00    4.40e+01   0.00e+00   0.00e+00  1.00e+04        0    1.92e-02    3.10e-02
   1  6.212329e-01    3.60e-02    4.13e-02   1.55e-03   1.00e+00  3.00e+04        1    3.61e-02    6.72e-02
Ceres Solver Report: Iterations: 2, Initial cost: 6.572705e-01, Final cost: 6.212329e-01, Termination: NO_CONVERGENCE
Optimization iteration done.
iteration ...4
Matching points ...
Estimated pose: 
   0.999986  0.00143574 -0.00515735  0.00438932
-0.00144305    0.999998  -0.0014151  0.00586895
 0.00515531  0.00142252    0.999986   0.0105064
          0           0           0           1
total possible nMatches: 27845
nTargetPoints: 307200
total actual nMatches: 27771
total non 0 dist nMatches: 0
Completed in 0.02238 seconds.
iter      cost      cost_change  |gradient|   |step|    tr_ratio  tr_radius  ls_iter  iter_time  total_time
   0  6.015873e-01    0.00e+00    2.74e+01   0.00e+00   0.00e+00  1.00e+04        0    1.92e-02    3.11e-02
   1  5.888018e-01    1.28e-02    1.03e-02   7.72e-04   1.00e+00  3.00e+04        1    3.96e-02    7.08e-02
Ceres Solver Report: Iterations: 2, Initial cost: 6.015873e-01, Final cost: 5.888018e-01, Termination: NO_CONVERGENCE
Optimization iteration done.
iteration ...5
Matching points ...
Estimated pose: 
   0.999983  0.00178384 -0.00559636  0.00452906
-0.00179159    0.999997 -0.00138023  0.00594136
 0.00559388  0.00139023    0.999983   0.0110134
          0           0           0           1
total possible nMatches: 27845
nTargetPoints: 307200
total actual nMatches: 27772
total non 0 dist nMatches: 0
Completed in 0.022304 seconds.
iter      cost      cost_change  |gradient|   |step|    tr_ratio  tr_radius  ls_iter  iter_time  total_time
   0  5.820322e-01    0.00e+00    2.10e+01   0.00e+00   0.00e+00  1.00e+04        0    1.56e-02    2.67e-02
   1  5.764085e-01    5.62e-03    7.86e-03   4.93e-04   1.00e+00  3.00e+04        1    3.53e-02    6.20e-02
Ceres Solver Report: Iterations: 2, Initial cost: 5.820322e-01, Final cost: 5.764085e-01, Termination: NO_CONVERGENCE
Optimization iteration done.
iteration ...6
Matching points ...
Estimated pose: 
   0.999981  0.00209422 -0.00586083  0.00451909
-0.00210178    0.999997 -0.00128507  0.00590149
 0.00585812  0.00129736    0.999982   0.0112723
          0           0           0           1
total possible nMatches: 27845
nTargetPoints: 307200
total actual nMatches: 27775
total non 0 dist nMatches: 0
Completed in 0.022275 seconds.
iter      cost      cost_change  |gradient|   |step|    tr_ratio  tr_radius  ls_iter  iter_time  total_time
   0  5.874773e-01    0.00e+00    2.87e+01   0.00e+00   0.00e+00  1.00e+04        0    1.48e-02    2.59e-02
   1  5.804895e-01    6.99e-03    1.02e-02   6.12e-04   1.00e+00  3.00e+04        1    3.23e-02    5.83e-02
Ceres Solver Report: Iterations: 2, Initial cost: 5.874773e-01, Final cost: 5.804895e-01, Termination: NO_CONVERGENCE
Optimization iteration done.
iteration ...7
Matching points ...
Estimated pose: 
   0.999977  0.00244044 -0.00630007  0.00468993
-0.00244829    0.999996 -0.00123854   0.0058707
 0.00629702  0.00125393    0.999979   0.0114419
          0           0           0           1
total possible nMatches: 27845
nTargetPoints: 307200
total actual nMatches: 27776
total non 0 dist nMatches: 0
Completed in 0.022311 seconds.
iter      cost      cost_change  |gradient|   |step|    tr_ratio  tr_radius  ls_iter  iter_time  total_time
   0  5.722698e-01    0.00e+00    2.09e+01   0.00e+00   0.00e+00  1.00e+04        0    2.00e-02    3.33e-02
   1  5.689602e-01    3.31e-03    5.79e-03   3.46e-04   1.00e+00  3.00e+04        1    4.05e-02    7.39e-02
Ceres Solver Report: Iterations: 2, Initial cost: 5.722698e-01, Final cost: 5.689602e-01, Termination: NO_CONVERGENCE
Optimization iteration done.
iteration ...8
Matching points ...
Estimated pose: 
   0.999975  0.00263444 -0.00656498  0.00469863
-0.00264255    0.999996 -0.00122689  0.00585518
 0.00656172  0.00124421    0.999978    0.011549
          0           0           0           1
total possible nMatches: 27845
nTargetPoints: 307200
total actual nMatches: 27775
total non 0 dist nMatches: 0
Completed in 0.022197 seconds.
iter      cost      cost_change  |gradient|   |step|    tr_ratio  tr_radius  ls_iter  iter_time  total_time
   0  5.637140e-01    0.00e+00    1.65e+01   0.00e+00   0.00e+00  1.00e+04        0    1.95e-02    3.16e-02
   1  5.617348e-01    1.98e-03    3.69e-03   2.37e-04   1.00e+00  3.00e+04        1    3.84e-02    7.01e-02
Ceres Solver Report: Iterations: 2, Initial cost: 5.637140e-01, Final cost: 5.617348e-01, Termination: NO_CONVERGENCE
Optimization iteration done.
iteration ...9
Matching points ...
Estimated pose: 
   0.999974  0.00277193 -0.00672747  0.00461287
-0.00278021    0.999995 -0.00122088  0.00585445
 0.00672406  0.00123956    0.999976    0.011612
          0           0           0           1
total possible nMatches: 27845
nTargetPoints: 307200
total actual nMatches: 27775
total non 0 dist nMatches: 0
Completed in 0.022297 seconds.
iter      cost      cost_change  |gradient|   |step|    tr_ratio  tr_radius  ls_iter  iter_time  total_time
   0  5.594981e-01    0.00e+00    1.21e+01   0.00e+00   0.00e+00  1.00e+04        0    1.92e-02    3.15e-02
   1  5.583903e-01    1.11e-03    1.53e-03   2.09e-04   1.00e+00  3.00e+04        1    3.80e-02    6.95e-02
Ceres Solver Report: Iterations: 2, Initial cost: 5.594981e-01, Final cost: 5.583903e-01, Termination: NO_CONVERGENCE
Optimization iteration done.
Current camera pose: 
   0.999973 -0.00286319  0.00678366 -0.00449502
 0.00285484    0.999995  0.00124098 -0.00588862
-0.00678717 -0.00122158    0.999976  -0.0116065
          0          -0          -0           1
ProcessNextFrame [2 | 798]
depthIntrinsics   525     0 319.5
    0   525 239.5
    0     0     1
target.getWidth() 640
target.getHeight() 480
iteration ...0
Matching points ...
Estimated pose: 
   0.999973  0.00285484 -0.00678717  0.00443294
-0.00286319    0.999995 -0.00122158  0.00586154
 0.00678365  0.00124098    0.999976    0.011644
          0           0           0           1
total possible nMatches: 28293
nTargetPoints: 307200
total actual nMatches: 28042
total non 0 dist nMatches: 0
Completed in 0.023368 seconds.
iter      cost      cost_change  |gradient|   |step|    tr_ratio  tr_radius  ls_iter  iter_time  total_time
   0  4.853161e+00    0.00e+00    4.20e+02   0.00e+00   0.00e+00  1.00e+04        0    1.79e-02    2.99e-02
   1  2.852536e+00    2.00e+00    1.47e-01   1.03e-02   1.00e+00  3.00e+04        1    4.38e-02    7.38e-02
Ceres Solver Report: Iterations: 2, Initial cost: 4.853161e+00, Final cost: 2.852536e+00, Termination: NO_CONVERGENCE
Optimization iteration done.
iteration ...1
Matching points ...
Estimated pose: 
   0.999958  0.00448077 -0.00806551   0.0051052
 -0.0044999    0.999987 -0.00235617   0.0118682
 0.00805484  0.00239237    0.999964   0.0195852
          0           0           0           1
total possible nMatches: 28293
nTargetPoints: 307200
total actual nMatches: 28149
total non 0 dist nMatches: 0
Completed in 0.023118 seconds.
iter      cost      cost_change  |gradient|   |step|    tr_ratio  tr_radius  ls_iter  iter_time  total_time
   0  2.233401e+00    0.00e+00    1.59e+02   0.00e+00   0.00e+00  1.00e+04        0    1.72e-02    2.84e-02
   1  1.880659e+00    3.53e-01    1.05e-01   3.88e-03   1.00e+00  3.00e+04        1    3.31e-02    6.15e-02
Ceres Solver Report: Iterations: 2, Initial cost: 2.233401e+00, Final cost: 1.880659e+00, Termination: NO_CONVERGENCE
Optimization iteration done.
iteration ...2
Matching points ...
Estimated pose: 
   0.999942  0.00515909 -0.00946137  0.00596787
-0.00517611    0.999985 -0.00177464   0.0132597
 0.00945207  0.00182351    0.999953   0.0226827
          0           0           0           1
total possible nMatches: 28293
nTargetPoints: 307200
total actual nMatches: 28167
total non 0 dist nMatches: 0
Completed in 0.022975 seconds.
iter      cost      cost_change  |gradient|   |step|    tr_ratio  tr_radius  ls_iter  iter_time  total_time
   0  1.586799e+00    0.00e+00    8.40e+01   0.00e+00   0.00e+00  1.00e+04        0    1.87e-02    2.99e-02
   1  1.456400e+00    1.30e-01    1.13e-01   2.45e-03   1.00e+00  3.00e+04        1    3.50e-02    6.49e-02
Ceres Solver Report: Iterations: 2, Initial cost: 1.586799e+00, Final cost: 1.456400e+00, Termination: NO_CONVERGENCE
Optimization iteration done.
iteration ...3
Matching points ...
Estimated pose: 
    0.999931   0.00561607   -0.0103651   0.00619891
 -0.00562069     0.999984 -0.000416836    0.0126404
   0.0103626  0.000475065     0.999946    0.0243069
           0            0            0            1
total possible nMatches: 28293
nTargetPoints: 307200
total actual nMatches: 28185
total non 0 dist nMatches: 0
Completed in 0.022554 seconds.
iter      cost      cost_change  |gradient|   |step|    tr_ratio  tr_radius  ls_iter  iter_time  total_time
   0  1.357219e+00    0.00e+00    6.40e+01   0.00e+00   0.00e+00  1.00e+04        0    1.93e-02    3.10e-02
   1  1.278802e+00    7.84e-02    1.14e-01   2.56e-03   1.00e+00  3.00e+04        1    3.84e-02    6.94e-02
Ceres Solver Report: Iterations: 2, Initial cost: 1.357219e+00, Final cost: 1.278802e+00, Termination: NO_CONVERGENCE
Optimization iteration done.
iteration ...4
Matching points ...
Estimated pose: 
   0.999926  0.00594242  -0.0105988  0.00562874
-0.00592967    0.999982  0.00123413    0.011181
   0.010606 -0.00117119    0.999943   0.0253476
          0           0           0           1
total possible nMatches: 28293
nTargetPoints: 307200
total actual nMatches: 28204
total non 0 dist nMatches: 0
Completed in 0.022788 seconds.
iter      cost      cost_change  |gradient|   |step|    tr_ratio  tr_radius  ls_iter  iter_time  total_time
   0  1.154680e+00    0.00e+00    5.55e+01   0.00e+00   0.00e+00  1.00e+04        0    1.70e-02    2.88e-02
   1  1.096339e+00    5.83e-02    1.13e-01   2.74e-03   9.99e-01  3.00e+04        1    3.19e-02    6.08e-02
Ceres Solver Report: Iterations: 2, Initial cost: 1.154680e+00, Final cost: 1.096339e+00, Termination: NO_CONVERGENCE
Optimization iteration done.
iteration ...5
Matching points ...
Estimated pose: 
   0.999925  0.00630215  -0.0105128  0.00464119
-0.00627194    0.999976  0.00290469   0.0094491
  0.0105308 -0.00283854     0.99994   0.0260185
          0           0           0           1
total possible nMatches: 28293
nTargetPoints: 307200
total actual nMatches: 28201
total non 0 dist nMatches: 0
Completed in 0.022795 seconds.
iter      cost      cost_change  |gradient|   |step|    tr_ratio  tr_radius  ls_iter  iter_time  total_time
   0  9.501877e-01    0.00e+00    4.12e+01   0.00e+00   0.00e+00  1.00e+04        0    1.83e-02    2.95e-02
   1  9.192201e-01    3.10e-02    6.06e-02   2.09e-03   9.99e-01  3.00e+04        1    3.65e-02    6.61e-02
Ceres Solver Report: Iterations: 2, Initial cost: 9.501877e-01, Final cost: 9.192201e-01, Termination: NO_CONVERGENCE
Optimization iteration done.
iteration ...6
Matching points ...
Estimated pose: 
   0.999924  0.00665476  -0.0103746   0.0036585
-0.00661231     0.99997  0.00412089  0.00818671
  0.0104017 -0.00405198    0.999938    0.026319
          0           0           0           1
total possible nMatches: 28293
nTargetPoints: 307200
total actual nMatches: 28217
total non 0 dist nMatches: 0
Completed in 0.022638 seconds.
iter      cost      cost_change  |gradient|   |step|    tr_ratio  tr_radius  ls_iter  iter_time  total_time
   0  8.655792e-01    0.00e+00    2.88e+01   0.00e+00   0.00e+00  1.00e+04        0    1.43e-02    2.55e-02
   1  8.485679e-01    1.70e-02    2.57e-02   1.44e-03   1.00e+00  3.00e+04        1    3.49e-02    6.05e-02
Ceres Solver Report: Iterations: 2, Initial cost: 8.655792e-01, Final cost: 8.485679e-01, Termination: NO_CONVERGENCE
Optimization iteration done.
iteration ...7
Matching points ...
Estimated pose: 
   0.999923  0.00688601  -0.0102979  0.00280012
-0.00683568    0.999965  0.00491453  0.00741523
  0.0103314 -0.00484376    0.999935   0.0264299
          0           0           0           1
total possible nMatches: 28293
nTargetPoints: 307200
total actual nMatches: 28218
total non 0 dist nMatches: 0
Completed in 0.022891 seconds.
iter      cost      cost_change  |gradient|   |step|    tr_ratio  tr_radius  ls_iter  iter_time  total_time
   0  8.318866e-01    0.00e+00    2.60e+01   0.00e+00   0.00e+00  1.00e+04        0    1.50e-02    2.61e-02
   1  8.205370e-01    1.13e-02    1.27e-02   1.08e-03   1.00e+00  3.00e+04        1    3.31e-02    5.92e-02
Ceres Solver Report: Iterations: 2, Initial cost: 8.318866e-01, Final cost: 8.205370e-01, Termination: NO_CONVERGENCE
Optimization iteration done.
iteration ...8
Matching points ...
Estimated pose: 
   0.999922  0.00706584  -0.0102717  0.00207266
-0.00700986     0.99996  0.00547627  0.00690184
    0.01031 -0.00540384    0.999932   0.0264573
          0           0           0           1
total possible nMatches: 28293
nTargetPoints: 307200
total actual nMatches: 28220
total non 0 dist nMatches: 0
Completed in 0.022997 seconds.
iter      cost      cost_change  |gradient|   |step|    tr_ratio  tr_radius  ls_iter  iter_time  total_time
   0  7.924042e-01    0.00e+00    2.50e+01   0.00e+00   0.00e+00  1.00e+04        0    1.89e-02    3.02e-02
   1  7.841831e-01    8.22e-03    4.89e-03   8.36e-04   1.00e+00  3.00e+04        1    3.49e-02    6.52e-02
Ceres Solver Report: Iterations: 2, Initial cost: 7.924042e-01, Final cost: 7.841831e-01, Termination: NO_CONVERGENCE
Optimization iteration done.
iteration ...9
Matching points ...
Estimated pose: 
   0.999922  0.00719173  -0.0102421  0.00138313
-0.00713224    0.999958  0.00583336  0.00663378
  0.0102836 -0.00575985     0.99993   0.0264182
          0           0           0           1
total possible nMatches: 28293
nTargetPoints: 307200
total actual nMatches: 28220
total non 0 dist nMatches: 0
Completed in 0.022625 seconds.
iter      cost      cost_change  |gradient|   |step|    tr_ratio  tr_radius  ls_iter  iter_time  total_time
   0  7.559688e-01    0.00e+00    2.41e+01   0.00e+00   0.00e+00  1.00e+04        0    1.81e-02    2.94e-02
   1  7.497053e-01    6.26e-03    1.91e-03   6.41e-04   1.00e+00  3.00e+04        1    3.41e-02    6.35e-02
Ceres Solver Report: Iterations: 2, Initial cost: 7.559688e-01, Final cost: 7.497053e-01, Termination: NO_CONVERGENCE
Optimization iteration done.
Current camera pose: 
   0.999921 -0.00718981   0.0102997 -0.00103142
 0.00725176    0.999956 -0.00599011 -0.00635768
 -0.0102562  0.00606433    0.999929   -0.026379
         -0          -0          -0           1
ProcessNextFrame [3 | 798]
depthIntrinsics   525     0 319.5
    0   525 239.5
    0     0     1
target.getWidth() 640
target.getHeight() 480
iteration ...0
Matching points ...
Estimated pose: 
   0.999921  0.00725176  -0.0102562 0.000806899
-0.00718981    0.999956  0.00606433  0.00650995
  0.0102997 -0.00599011    0.999929   0.0263497
          0           0           0           1
total possible nMatches: 28034
nTargetPoints: 307200
total actual nMatches: 27464
total non 0 dist nMatches: 0
Completed in 0.023037 seconds.
iter      cost      cost_change  |gradient|   |step|    tr_ratio  tr_radius  ls_iter  iter_time  total_time
   0  6.636580e+00    0.00e+00    4.82e+02   0.00e+00   0.00e+00  1.00e+04        0    2.03e-02    3.07e-02
   1  3.988538e+00    2.65e+00    1.70e-01   1.05e-02   1.00e+00  3.00e+04        1    3.31e-02    6.39e-02
Ceres Solver Report: Iterations: 2, Initial cost: 6.636580e+00, Final cost: 3.988538e+00, Termination: NO_CONVERGENCE
Optimization iteration done.
iteration ...1
Matching points ...
Estimated pose: 
   0.999899  0.00780183  -0.0118659  0.00193648
-0.00772006    0.999946  0.00692164   0.0108298
  0.0119192 -0.00682934    0.999906   0.0356276
          0           0           0           1
total possible nMatches: 28034
nTargetPoints: 307200
total actual nMatches: 27767
total non 0 dist nMatches: 0
Completed in 0.023023 seconds.
iter      cost      cost_change  |gradient|   |step|    tr_ratio  tr_radius  ls_iter  iter_time  total_time
   0  2.466700e+00    0.00e+00    1.48e+02   0.00e+00   0.00e+00  1.00e+04        0    1.69e-02    2.81e-02
   1  2.079415e+00    3.87e-01    1.81e-01   3.73e-03   1.00e+00  3.00e+04        1    3.53e-02    6.34e-02
Ceres Solver Report: Iterations: 2, Initial cost: 2.466700e+00, Final cost: 2.079415e+00, Termination: NO_CONVERGENCE
Optimization iteration done.
iteration ...2
Matching points ...
Estimated pose: 
   0.999882   0.0080564  -0.0131061  0.00261771
-0.00794345    0.999931  0.00864686    0.011834
  0.0131749 -0.00854173    0.999877   0.0384327
          0           0           0           1
total possible nMatches: 28034
nTargetPoints: 307200
total actual nMatches: 27857
total non 0 dist nMatches: 0
Completed in 0.023016 seconds.
iter      cost      cost_change  |gradient|   |step|    tr_ratio  tr_radius  ls_iter  iter_time  total_time
   0  1.636469e+00    0.00e+00    1.03e+02   0.00e+00   0.00e+00  1.00e+04        0    1.44e-02    2.55e-02
   1  1.510043e+00    1.26e-01    1.43e-01   2.27e-03   1.00e+00  3.00e+04        1    3.41e-02    5.96e-02
Ceres Solver Report: Iterations: 2, Initial cost: 1.636469e+00, Final cost: 1.510043e+00, Termination: NO_CONVERGENCE
Optimization iteration done.
iteration ...3
Matching points ...
Estimated pose: 
  0.999869 0.00816752 -0.0139728 0.00284508
 -0.008023   0.999914  0.0103675  0.0116371
 0.0140563 -0.0102541   0.999849  0.0395535
         0          0          0          1
total possible nMatches: 28034
nTargetPoints: 307200
total actual nMatches: 27880
total non 0 dist nMatches: 0
Completed in 0.022466 seconds.
iter      cost      cost_change  |gradient|   |step|    tr_ratio  tr_radius  ls_iter  iter_time  total_time
   0  1.309542e+00    0.00e+00    7.48e+01   0.00e+00   0.00e+00  1.00e+04        0    1.59e-02    2.70e-02
   1  1.248259e+00    6.13e-02    9.13e-02   1.68e-03   1.00e+00  3.00e+04        1    3.42e-02    6.12e-02
Ceres Solver Report: Iterations: 2, Initial cost: 1.309542e+00, Final cost: 1.248259e+00, Termination: NO_CONVERGENCE
Optimization iteration done.
iteration ...4
Matching points ...
Estimated pose: 
   0.999858  0.00832319  -0.0146395  0.00283815
-0.00815127    0.999898   0.0117642   0.0112252
  0.0147359  -0.0116432    0.999824   0.0399812
          0           0           0           1
total possible nMatches: 28034
nTargetPoints: 307200
total actual nMatches: 27878
total non 0 dist nMatches: 0
Completed in 0.022557 seconds.
iter      cost      cost_change  |gradient|   |step|    tr_ratio  tr_radius  ls_iter  iter_time  total_time
   0  1.124747e+00    0.00e+00    5.84e+01   0.00e+00   0.00e+00  1.00e+04        0    1.43e-02    2.59e-02
   1  1.086991e+00    3.78e-02    6.37e-02   1.46e-03   1.00e+00  3.00e+04        1    3.06e-02    5.65e-02
Ceres Solver Report: Iterations: 2, Initial cost: 1.124747e+00, Final cost: 1.086991e+00, Termination: NO_CONVERGENCE
Optimization iteration done.
iteration ...5
Matching points ...
Estimated pose: 
  0.999851 0.00838896  -0.015088 0.00261333
-0.0081932   0.999882    0.01299  0.0106754
 0.0151952 -0.0128645   0.999802  0.0400873
         0          0          0          1
total possible nMatches: 28034
nTargetPoints: 307200
total actual nMatches: 27900
total non 0 dist nMatches: 0
Completed in 0.022518 seconds.
iter      cost      cost_change  |gradient|   |step|    tr_ratio  tr_radius  ls_iter  iter_time  total_time
   0  1.028520e+00    0.00e+00    4.71e+01   0.00e+00   0.00e+00  1.00e+04        0    1.78e-02    2.89e-02
   1  1.000573e+00    2.79e-02    4.81e-02   1.32e-03   1.00e+00  3.00e+04        1    3.81e-02    6.70e-02
Ceres Solver Report: Iterations: 2, Initial cost: 1.028520e+00, Final cost: 1.000573e+00, Termination: NO_CONVERGENCE
Optimization iteration done.
iteration ...6
Matching points ...
Estimated pose: 
   0.999845  0.00840547  -0.0155008  0.00237907
-0.00818773    0.999868   0.0140573   0.0101053
  0.0156169  -0.0139282    0.999781   0.0400148
          0           0           0           1
total possible nMatches: 28034
nTargetPoints: 307200
total actual nMatches: 27905
total non 0 dist nMatches: 0
Completed in 0.022465 seconds.
iter      cost      cost_change  |gradient|   |step|    tr_ratio  tr_radius  ls_iter  iter_time  total_time
   0  9.415094e-01    0.00e+00    3.72e+01   0.00e+00   0.00e+00  1.00e+04        0    1.82e-02    2.96e-02
   1  9.218753e-01    1.96e-02    2.63e-02   1.04e-03   1.00e+00  3.00e+04        1    3.51e-02    6.47e-02
Ceres Solver Report: Iterations: 2, Initial cost: 9.415094e-01, Final cost: 9.218753e-01, Termination: NO_CONVERGENCE
Optimization iteration done.
iteration ...7
Matching points ...
Estimated pose: 
   0.999841  0.00840517  -0.0157619  0.00199478
-0.00817087    0.999856   0.0148711  0.00970184
  0.0158847  -0.0147399    0.999765   0.0398764
          0           0           0           1
total possible nMatches: 28034
nTargetPoints: 307200
total actual nMatches: 27902
total non 0 dist nMatches: 0
Completed in 0.022413 seconds.
iter      cost      cost_change  |gradient|   |step|    tr_ratio  tr_radius  ls_iter  iter_time  total_time
   0  8.830083e-01    0.00e+00    3.27e+01   0.00e+00   0.00e+00  1.00e+04        0    2.12e-02    3.23e-02
   1  8.675248e-01    1.55e-02    2.01e-02   1.01e-03   1.00e+00  3.00e+04        1    3.51e-02    6.74e-02
Ceres Solver Report: Iterations: 2, Initial cost: 8.830083e-01, Final cost: 8.675248e-01, Termination: NO_CONVERGENCE
Optimization iteration done.
iteration ...8
Matching points ...
Estimated pose: 
   0.999838  0.00844243  -0.0158813  0.00149695
-0.00819451    0.999844   0.0156111  0.00928854
  0.0160106  -0.0154784    0.999752   0.0397241
          0           0           0           1
total possible nMatches: 28034
nTargetPoints: 307200
total actual nMatches: 27896
total non 0 dist nMatches: 0
Completed in 0.022603 seconds.
iter      cost      cost_change  |gradient|   |step|    tr_ratio  tr_radius  ls_iter  iter_time  total_time
   0  8.396296e-01    0.00e+00    2.74e+01   0.00e+00   0.00e+00  1.00e+04        0    1.80e-02    2.92e-02
   1  8.276883e-01    1.19e-02    1.47e-02   9.48e-04   1.00e+00  3.00e+04        1    3.49e-02    6.42e-02
Ceres Solver Report: Iterations: 2, Initial cost: 8.396296e-01, Final cost: 8.276883e-01, Termination: NO_CONVERGENCE
Optimization iteration done.
iteration ...9
Matching points ...
Estimated pose: 
   0.999838  0.00840787  -0.0159332 0.000953165
-0.00814878    0.999835   0.0162563  0.00890941
  0.0160672  -0.0161238    0.999741   0.0395781
          0           0           0           1
total possible nMatches: 28034
nTargetPoints: 307200
total actual nMatches: 27893
total non 0 dist nMatches: 0
Completed in 0.022382 seconds.
iter      cost      cost_change  |gradient|   |step|    tr_ratio  tr_radius  ls_iter  iter_time  total_time
   0  8.160216e-01    0.00e+00    2.19e+01   0.00e+00   0.00e+00  1.00e+04        0    1.46e-02    2.56e-02
   1  8.072847e-01    8.74e-03    9.22e-03   8.49e-04   1.00e+00  3.00e+04        1    3.74e-02    6.31e-02
Ceres Solver Report: Iterations: 2, Initial cost: 8.160216e-01, Final cost: 8.072847e-01, Termination: NO_CONVERGENCE
Optimization iteration done.
Current camera pose: 
    0.999838  -0.00808185    0.0160663 -0.000952003
  0.00834922     0.999827    -0.016645  -0.00794554
   -0.015929    0.0167764     0.999732   -0.0395705
          -0           -0           -0            1
ProcessNextFrame [4 | 798]
depthIntrinsics   525     0 319.5
    0   525 239.5
    0     0     1
target.getWidth() 640
target.getHeight() 480
iteration ...0
Matching points ...
Estimated pose: 
   0.999838  0.00834922   -0.015929 0.000387871
-0.00808185    0.999826   0.0167764  0.00860031
  0.0160663   -0.016645    0.999732   0.0394429
          0           0           0           1
total possible nMatches: 27908
nTargetPoints: 307200
total actual nMatches: 27469
total non 0 dist nMatches: 0
Completed in 0.022744 seconds.
iter      cost      cost_change  |gradient|   |step|    tr_ratio  tr_radius  ls_iter  iter_time  total_time
   0  5.428845e+00    0.00e+00    4.12e+02   0.00e+00   0.00e+00  1.00e+04        0    1.68e-02    2.72e-02
   1  3.410266e+00    2.02e+00    1.76e-01   9.36e-03   1.00e+00  3.00e+04        1    3.58e-02    6.30e-02
Ceres Solver Report: Iterations: 2, Initial cost: 5.428845e+00, Final cost: 3.410266e+00, Termination: NO_CONVERGENCE
Optimization iteration done.
iteration ...1
Matching points ...
Estimated pose: 
   0.999803   0.0089636  -0.0177098  0.00171046
-0.00865325    0.999809   0.0175238   0.0127511
  0.0178635  -0.0173671     0.99969   0.0474717
          0           0           0           1
total possible nMatches: 27908
nTargetPoints: 307200
total actual nMatches: 27610
total non 0 dist nMatches: 0
Completed in 0.022604 seconds.
iter      cost      cost_change  |gradient|   |step|    tr_ratio  tr_radius  ls_iter  iter_time  total_time
   0  2.260340e+00    0.00e+00    1.38e+02   0.00e+00   0.00e+00  1.00e+04        0    1.60e-02    2.68e-02
   1  1.910614e+00    3.50e-01    2.37e-01   3.80e-03   1.00e+00  3.00e+04        1    3.27e-02    5.95e-02
Ceres Solver Report: Iterations: 2, Initial cost: 2.260340e+00, Final cost: 1.910614e+00, Termination: NO_CONVERGENCE
Optimization iteration done.
iteration ...2
Matching points ...
Estimated pose: 
   0.999781  0.00902313  -0.0188932  0.00226248
-0.00865042    0.999768   0.0197166   0.0128641
  0.0190667  -0.0195488    0.999627   0.0502487
          0           0           0           1
total possible nMatches: 27908
nTargetPoints: 307200
total actual nMatches: 27631
total non 0 dist nMatches: 0
Completed in 0.022466 seconds.
iter      cost      cost_change  |gradient|   |step|    tr_ratio  tr_radius  ls_iter  iter_time  total_time
   0  1.556909e+00    0.00e+00    9.41e+01   0.00e+00   0.00e+00  1.00e+04        0    1.79e-02    2.89e-02
   1  1.432778e+00    1.24e-01    1.93e-01   2.81e-03   1.00e+00  3.00e+04        1    3.55e-02    6.44e-02
Ceres Solver Report: Iterations: 2, Initial cost: 1.556909e+00, Final cost: 1.432778e+00, Termination: NO_CONVERGENCE
Optimization iteration done.
iteration ...3
Matching points ...
Estimated pose: 
   0.999765  0.00899829   -0.019714  0.00240401
-0.00856733    0.999725   0.0218372   0.0119625
   0.019905  -0.0216631    0.999567   0.0515222
          0           0           0           1
total possible nMatches: 27908
nTargetPoints: 307200
total actual nMatches: 27611
total non 0 dist nMatches: 0
Completed in 0.022367 seconds.
iter      cost      cost_change  |gradient|   |step|    tr_ratio  tr_radius  ls_iter  iter_time  total_time
   0  1.236583e+00    0.00e+00    6.80e+01   0.00e+00   0.00e+00  1.00e+04        0    1.89e-02    2.99e-02
   1  1.180176e+00    5.64e-02    1.08e-01   2.02e-03   1.00e+00  3.00e+04        1    3.42e-02    6.42e-02
Ceres Solver Report: Iterations: 2, Initial cost: 1.236583e+00, Final cost: 1.180176e+00, Termination: NO_CONVERGENCE
Optimization iteration done.
iteration ...4
Matching points ...
Estimated pose: 
   0.999755  0.00899304  -0.0202429  0.00224324
-0.00851749    0.999689   0.0234574   0.0111446
  0.0204475  -0.0232792     0.99952   0.0520874
          0           0           0           1
total possible nMatches: 27908
nTargetPoints: 307200
total actual nMatches: 27603
total non 0 dist nMatches: 0
Completed in 0.022291 seconds.
iter      cost      cost_change  |gradient|   |step|    tr_ratio  tr_radius  ls_iter  iter_time  total_time
   0  1.098390e+00    0.00e+00    4.91e+01   0.00e+00   0.00e+00  1.00e+04        0    1.88e-02    3.07e-02
   1  1.068114e+00    3.03e-02    5.51e-02   1.42e-03   1.00e+00  3.00e+04        1    3.14e-02    6.21e-02
Ceres Solver Report: Iterations: 2, Initial cost: 1.098390e+00, Final cost: 1.068114e+00, Termination: NO_CONVERGENCE
Optimization iteration done.
iteration ...5
Matching points ...
Estimated pose: 
   0.999747  0.00898594  -0.0206341  0.00194368
-0.00847709    0.999661   0.0246172   0.0105626
  0.0208483  -0.0244361    0.999484   0.0522662
          0           0           0           1
total possible nMatches: 27908
nTargetPoints: 307200
total actual nMatches: 27584
total non 0 dist nMatches: 0
Completed in 0.022084 seconds.
iter      cost      cost_change  |gradient|   |step|    tr_ratio  tr_radius  ls_iter  iter_time  total_time
   0  1.008114e+00    0.00e+00    3.69e+01   0.00e+00   0.00e+00  1.00e+04        0    1.79e-02    2.88e-02
   1  9.887569e-01    1.94e-02    2.97e-02   1.06e-03   1.00e+00  3.00e+04        1    3.41e-02    6.29e-02
Ceres Solver Report: Iterations: 2, Initial cost: 1.008114e+00, Final cost: 9.887569e-01, Termination: NO_CONVERGENCE
Optimization iteration done.
iteration ...6
Matching points ...
Estimated pose: 
    0.99974  0.00894028  -0.0209555  0.00162162
-0.00840557     0.99964   0.0254671   0.0101679
  0.0211756  -0.0252843    0.999456   0.0522605
          0           0           0           1
total possible nMatches: 27908
nTargetPoints: 307200
total actual nMatches: 27569
total non 0 dist nMatches: 0
Completed in 0.022135 seconds.
iter      cost      cost_change  |gradient|   |step|    tr_ratio  tr_radius  ls_iter  iter_time  total_time
   0  9.502606e-01    0.00e+00    2.81e+01   0.00e+00   0.00e+00  1.00e+04        0    1.78e-02    2.86e-02
   1  9.372556e-01    1.30e-02    1.51e-02   7.91e-04   1.00e+00  3.00e+04        1    3.44e-02    6.30e-02
Ceres Solver Report: Iterations: 2, Initial cost: 9.502606e-01, Final cost: 9.372556e-01, Termination: NO_CONVERGENCE
Optimization iteration done.
iteration ...7
Matching points ...
Estimated pose: 
   0.999736  0.00887661  -0.0212025  0.00127632
-0.00832263    0.999625   0.0260751  0.00992924
   0.021426  -0.0258918    0.999435   0.0521867
          0           0           0           1
total possible nMatches: 27908
nTargetPoints: 307200
total actual nMatches: 27559
total non 0 dist nMatches: 0
Completed in 0.022115 seconds.
iter      cost      cost_change  |gradient|   |step|    tr_ratio  tr_radius  ls_iter  iter_time  total_time
   0  9.175991e-01    0.00e+00    2.49e+01   0.00e+00   0.00e+00  1.00e+04        0    1.45e-02    2.55e-02
   1  9.074516e-01    1.01e-02    9.93e-03   7.24e-04   1.00e+00  3.00e+04        1    3.68e-02    6.23e-02
Ceres Solver Report: Iterations: 2, Initial cost: 9.175991e-01, Final cost: 9.074516e-01, Termination: NO_CONVERGENCE
Optimization iteration done.
iteration ...8
Matching points ...
Estimated pose: 
   0.999733  0.00882615  -0.0213564 0.000862084
-0.00825704    0.999612   0.0265915  0.00971862
  0.0215828   -0.026408    0.999418   0.0520913
          0           0           0           1
total possible nMatches: 27908
nTargetPoints: 307200
total actual nMatches: 27544
total non 0 dist nMatches: 0
Completed in 0.02239 seconds.
iter      cost      cost_change  |gradient|   |step|    tr_ratio  tr_radius  ls_iter  iter_time  total_time
   0  8.696570e-01    0.00e+00    2.26e+01   0.00e+00   0.00e+00  1.00e+04        0    1.79e-02    2.88e-02
   1  8.616962e-01    7.96e-03    4.67e-03   6.44e-04   1.00e+00  3.00e+04        1    3.50e-02    6.39e-02
Ceres Solver Report: Iterations: 2, Initial cost: 8.696570e-01, Final cost: 8.616962e-01, Termination: NO_CONVERGENCE
Optimization iteration done.
iteration ...9
Matching points ...
Estimated pose: 
   0.999732  0.00879259  -0.0214291  0.00038337
-0.00821332    0.999602   0.0269719  0.00959946
  0.0216577  -0.0267887    0.999406   0.0519543
          0           0           0           1
total possible nMatches: 27908
nTargetPoints: 307200
total actual nMatches: 27534
total non 0 dist nMatches: 0
Completed in 0.022122 seconds.
iter      cost      cost_change  |gradient|   |step|    tr_ratio  tr_radius  ls_iter  iter_time  total_time
   0  8.454523e-01    0.00e+00    2.04e+01   0.00e+00   0.00e+00  1.00e+04        0    1.77e-02    2.86e-02
   1  8.395300e-01    5.92e-03    2.16e-03   5.63e-04   1.00e+00  3.00e+04        1    3.04e-02    5.91e-02
Ceres Solver Report: Iterations: 2, Initial cost: 8.454523e-01, Final cost: 8.395300e-01, Termination: NO_CONVERGENCE
Optimization iteration done.
Current camera pose: 
    0.999731   -0.0081279    0.0217072 -0.000967633
  0.00871451     0.999596   -0.0270672  -0.00813527
  -0.0214784    0.0272491     0.999398   -0.0520625
          -0           -0           -0            1
ProcessNextFrame [5 | 798]
depthIntrinsics   525     0 319.5
    0   525 239.5
    0     0     1
target.getWidth() 640
target.getHeight() 480
iteration ...0
Matching points ...
Estimated pose: 
    0.999731   0.00871451   -0.0214784 -7.99528e-05
 -0.00812791     0.999596    0.0272491   0.00954277
   0.0217072   -0.0270672     0.999398    0.0518319
           0            0            0            1
total possible nMatches: 27526
nTargetPoints: 307200
total actual nMatches: 27035
total non 0 dist nMatches: 0
Completed in 0.022372 seconds.
iter      cost      cost_change  |gradient|   |step|    tr_ratio  tr_radius  ls_iter  iter_time  total_time
   0  3.668260e+00    0.00e+00    3.42e+02   0.00e+00   0.00e+00  1.00e+04        0    1.44e-02    2.47e-02
   1  2.236371e+00    1.43e+00    8.34e-02   7.98e-03   1.00e+00  3.00e+04        1    3.59e-02    6.07e-02
Ceres Solver Report: Iterations: 2, Initial cost: 3.668260e+00, Final cost: 2.236371e+00, Termination: NO_CONVERGENCE
Optimization iteration done.
iteration ...1
Matching points ...
Estimated pose: 
   0.999698  0.00973488  -0.0225776 0.000509406
-0.00910996    0.999577   0.0276181   0.0135794
  0.0228369  -0.0274041    0.999363   0.0585192
          0           0           0           1
total possible nMatches: 27526
nTargetPoints: 307200
total actual nMatches: 27057
total non 0 dist nMatches: 0
Completed in 0.022066 seconds.
iter      cost      cost_change  |gradient|   |step|    tr_ratio  tr_radius  ls_iter  iter_time  total_time
   0  1.476197e+00    0.00e+00    1.27e+02   0.00e+00   0.00e+00  1.00e+04        0    1.68e-02    2.71e-02
   1  1.214188e+00    2.62e-01    1.73e-01   3.46e-03   1.00e+00  3.00e+04        1    3.21e-02    5.93e-02
Ceres Solver Report: Iterations: 2, Initial cost: 1.476197e+00, Final cost: 1.214188e+00, Termination: NO_CONVERGENCE
Optimization iteration done.
iteration ...2
Matching points ...
Estimated pose: 
   0.999677      0.0095  -0.0235642  0.00100074
-0.00880257    0.999525    0.029526   0.0135999
  0.0238335  -0.0293091    0.999286   0.0611352
          0           0           0           1
total possible nMatches: 27526
nTargetPoints: 307200
total actual nMatches: 27042
total non 0 dist nMatches: 0
Completed in 0.021732 seconds.
iter      cost      cost_change  |gradient|   |step|    tr_ratio  tr_radius  ls_iter  iter_time  total_time
   0  1.044432e+00    0.00e+00    6.93e+01   0.00e+00   0.00e+00  1.00e+04        0    1.61e-02    2.69e-02
   1  9.567111e-01    8.77e-02    1.41e-01   2.63e-03   1.00e+00  3.00e+04        1    3.36e-02    6.06e-02
Ceres Solver Report: Iterations: 2, Initial cost: 1.044432e+00, Final cost: 9.567111e-01, Termination: NO_CONVERGENCE
Optimization iteration done.
iteration ...3
Matching points ...
Estimated pose: 
   0.999665  0.00910535  -0.0242429  0.00117517
-0.00834254    0.999473   0.0313825   0.0127333
  0.0245159  -0.0311697    0.999213   0.0624429
          0           0           0           1
total possible nMatches: 27526
nTargetPoints: 307200
total actual nMatches: 27032
total non 0 dist nMatches: 0
Completed in 0.021684 seconds.
iter      cost      cost_change  |gradient|   |step|    tr_ratio  tr_radius  ls_iter  iter_time  total_time
   0  8.850936e-01    0.00e+00    4.87e+01   0.00e+00   0.00e+00  1.00e+04        0    1.38e-02    2.47e-02
   1  8.485693e-01    3.65e-02    8.34e-02   1.99e-03   1.00e+00  3.00e+04        1    2.98e-02    5.45e-02
Ceres Solver Report: Iterations: 2, Initial cost: 8.850936e-01, Final cost: 8.485693e-01, Termination: NO_CONVERGENCE
Optimization iteration done.
iteration ...4
Matching points ...
Estimated pose: 
   0.999659  0.00875504  -0.0245944 0.000980694
-0.00794434    0.999428   0.0328693    0.011821
  0.0248681  -0.0326627    0.999157   0.0630838
          0           0           0           1
total possible nMatches: 27526
nTargetPoints: 307200
total actual nMatches: 27020
total non 0 dist nMatches: 0
Completed in 0.021705 seconds.
iter      cost      cost_change  |gradient|   |step|    tr_ratio  tr_radius  ls_iter  iter_time  total_time
   0  8.118324e-01    0.00e+00    3.67e+01   0.00e+00   0.00e+00  1.00e+04        0    1.81e-02    2.87e-02
   1  7.922611e-01    1.96e-02    5.13e-02   1.57e-03   1.00e+00  3.00e+04        1    2.91e-02    5.78e-02
