Initializing FLANN index with 1054 points.
FLANN index created.
iteration ...0
Matching points ...
Estimated pose: 
1 0 0 0
0 1 0 0
0 0 1 0
0 0 0 1
Completed in 0.005873 seconds.
Enter SVD 
Number of matched points ...539
	Start Estimating Pose 
   0.995894   0.0330284  -0.0842863
 -0.0332371    0.999447 -0.00107433
  0.0842041  0.00387128    0.996441
Optimization iteration done.
iteration ...1
Matching points ...
Estimated pose: 
    0.995894    0.0330284   -0.0842863   0.00363119
  -0.0332371     0.999447  -0.00107433  0.000335284
   0.0842041   0.00387128     0.996441 -0.000537686
           0            0            0            1
Completed in 0.005736 seconds.
Enter SVD 
Number of matched points ...598
	Start Estimating Pose 
   0.996556   0.0210999  -0.0801974
 -0.0213047    0.999772 -0.00169963
  0.0801433  0.00340235    0.996778
Optimization iteration done.
iteration ...2
Matching points ...
Estimated pose: 
     0.98501    0.0536925    -0.163931   0.00812088
  -0.0545899     0.998509 -0.000971967   0.00047157
    0.163634   0.00990629     0.986472  9.72825e-07
           0            0            0            1
Completed in 0.005068 seconds.
Enter SVD 
Number of matched points ...629
	Start Estimating Pose 
   0.998586   0.0171742  -0.0503078
 -0.0168999     0.99984   0.0058669
  0.0504005 -0.00500843    0.998716
Optimization iteration done.
iteration ...3
Matching points ...
Estimated pose: 
   0.974448   0.0702668   -0.213343   0.0112166
 -0.0702677    0.997499  0.00758613 0.000234488
   0.213342  0.00759874    0.976948  0.00122505
          0           0           0           1
Completed in 0.004038 seconds.
Enter SVD 
Number of matched points ...649
	Start Estimating Pose 
   0.999695    0.010091  -0.0225147
 -0.0100167    0.999944  0.00341886
  0.0225479 -0.00319225     0.99974
Optimization iteration done.
iteration ...4
Matching points ...
Estimated pose: 
   0.968639   0.0801401   -0.235197   0.0134281
 -0.0792951    0.996766   0.0130627 1.98186e-05
   0.235483  0.00599688     0.97186  0.00207276
          0           0           0           1
Completed in 0.003446 seconds.
Enter SVD 
Number of matched points ...666
	Start Estimating Pose 
   0.999962  0.00831044 -0.00266481
  -0.008304    0.999963  0.00236014
 0.00268434 -0.00233798    0.999994
Optimization iteration done.
iteration ...5
Matching points ...
Estimated pose: 
    0.967315    0.0884046    -0.237669     0.014819
    -0.08678     0.996077    0.0173091 -0.000183498
    0.238267   0.00388155     0.971192   0.00262889
           0            0            0            1
Completed in 0.002972 seconds.
Enter SVD 
Number of matched points ...680
	Start Estimating Pose 
   0.999907  0.00895988   0.0102489
 -0.0089322    0.999956 -0.00272214
 -0.0102728  0.00263036    0.999944
Optimization iteration done.
iteration ...6
Matching points ...
Estimated pose: 
     0.96889     0.097361    -0.227539    0.0155544
  -0.0960651     0.995234    0.0167875 -0.000160508
    0.228088   0.00559321     0.973624   0.00277441
           0            0            0            1
Completed in 0.002798 seconds.
Enter SVD 
Number of matched points ...694
	Start Estimating Pose 
    0.999786   0.00980848     0.018249
 -0.00981334     0.999952  0.000171736
  -0.0182465 -0.000350773     0.999834
Optimization iteration done.
iteration ...7
Matching points ...
Estimated pose: 
    0.971903     0.107204    -0.209557    0.0158555
   -0.105529     0.994231    0.0191868 -0.000211158
    0.210405   0.00346668     0.977608   0.00299845
           0            0            0            1
Completed in 0.002469 seconds.
Enter SVD 
Number of matched points ...712
	Start Estimating Pose 
   0.999673  0.00793743      0.0243
-0.00787243    0.999965 -0.00277101
 -0.0243212  0.00257881    0.999701
Optimization iteration done.
iteration ...8
Matching points ...
Estimated pose: 
     0.97586     0.115145    -0.185581    0.0161065
    -0.11376     0.993343    0.0181269 -0.000213716
    0.186432   0.00342225     0.982462   0.00308104
           0            0            0            1
Completed in 0.00244 seconds.
Enter SVD 
Number of matched points ...722
	Start Estimating Pose 
   0.999702  0.00807171   0.0230408
 -0.0080149    0.999965 -0.00257003
 -0.0230607  0.00238457    0.999731
Optimization iteration done.
iteration ...9
Matching points ...
Estimated pose: 
    0.978947     0.123207    -0.162742     0.016388
   -0.122056     0.992376    0.0170887 -0.000241628
    0.163607    0.0031347     0.986521    0.0030742
           0            0            0            1
Completed in 0.002471 seconds.
Enter SVD 
Number of matched points ...742
	Start Estimating Pose 
   0.999625  0.00890734    0.025896
-0.00882697    0.999956 -0.00321667
 -0.0259235  0.00298691     0.99966
Optimization iteration done.
Estimated pose: 
    0.981729     0.132082    -0.136982    0.0165711
   -0.131218     0.991235    0.0153512 -0.000218495
    0.137809   0.00290381     0.990455   0.00299664
           0            0            0            1
Resulting mesh written.
Completed in 0.061886 seconds.