Initialize virtual sensor...
ProcessNextFrame [0 | 798]
POINT TO PLANE
ProcessNextFrame [1 | 798]
Initializing FLANN index with 222118 points.
FLANN index created.
iteration ...0
Matching points ...
Estimated pose: 
1 0 0 0
0 1 0 0
0 0 1 0
0 0 0 1
Completed in 0.090298 seconds.
Enter SVD 
Number of matched points ...27844
	Start Estimating Pose 
    0.999998   0.00142362 -0.000951722
 -0.00142442     0.999999 -0.000964761
 0.000950411  0.000966221     0.999999
Optimization iteration done.
Current camera pose: 
    0.999999  -0.00142454  0.000950348 -0.000471856
   0.0014235     0.999999  0.000966115  -0.00381159
-0.000951786 -0.000964867     0.999999  -0.00513308
           0           -0           -0            1
ProcessNextFrame [2 | 798]
Initializing FLANN index with 222118 points.
FLANN index created.
iteration ...0
Matching points ...
Estimated pose: 
    0.999998   0.00142362 -0.000951722  0.000472397
 -0.00142442     0.999999 -0.000964761   0.00380596
 0.000950411  0.000966221     0.999999   0.00513721
           0            0            0            1
Completed in 0.111709 seconds.
Enter SVD 
Number of matched points ...28217
	Start Estimating Pose 
   0.999993  0.00317524 -0.00214542
-0.00317772    0.999994 -0.00122112
 0.00214162  0.00122789    0.999997
Optimization iteration done.
Current camera pose: 
   0.999985 -0.00460356  0.00309012 -0.00151459
  0.0045965    0.999987  0.00219709  -0.0119833
-0.00310036 -0.00218291    0.999993  -0.0136173
          0          -0          -0           1
ProcessNextFrame [3 | 798]
Initializing FLANN index with 222118 points.
FLANN index created.
iteration ...0
Matching points ...
Estimated pose: 
   0.999985  0.00459678 -0.00310019  0.00152743
-0.00460328    0.999987 -0.00218285   0.0119464
 0.00309028  0.00219715    0.999993   0.0136482
          0           0           0           1
Completed in 0.099177 seconds.
Enter SVD 
Number of matched points ...27679
	Start Estimating Pose 
    0.99999  0.00356524 -0.00278021
-0.00356054    0.999992  0.00168228
 0.00278603 -0.00167263    0.999995
Optimization iteration done.
Current camera pose: 
    0.999949  -0.00815883   0.00588395  -0.00229054
  0.00815551     0.999967  0.000537539   -0.0188612
 -0.00588813 -0.000489327     0.999982   -0.0255528
           0           -0           -0            1
ProcessNextFrame [4 | 798]
Initializing FLANN index with 222118 points.
FLANN index created.
iteration ...0
Matching points ...
Estimated pose: 
     0.99995   0.00815581  -0.00588814   0.00229379
 -0.00815853     0.999966 -0.000489525    0.0188294
  0.00588395  0.000537343     0.999983     0.025576
           0            0            0            1
Completed in 0.105896 seconds.
Enter SVD 
Number of matched points ...27898
	Start Estimating Pose 
    0.999994  0.000905335  -0.00352956
-0.000885814     0.999984   0.00554064
  0.00353429  -0.00553787     0.999978
Optimization iteration done.
Current camera pose: 
   0.999914 -0.00901182  0.00946334 -0.00215631
  0.0090589    0.999947 -0.00497094  -0.0214627
 -0.0094178  0.00505683    0.999943   -0.041761
         -0          -0          -0           1
ProcessNextFrame [5 | 798]
Initializing FLANN index with 222118 points.
FLANN index created.
iteration ...0
Matching points ...
Estimated pose: 
   0.999915  0.00905917 -0.00941804  0.00195725
-0.00901158    0.999947  0.00505624   0.0216533
 0.00946311 -0.00497153    0.999943   0.0416723
          0           0           0           1
Completed in 0.096672 seconds.
Enter SVD 
Number of matched points ...27492
	Start Estimating Pose 
    0.999999  0.000531062  -0.00143741
-0.000517815     0.999956   0.00933489
   0.0014423  -0.00933421     0.999955
Optimization iteration done.
Current camera pose: 
    0.999895  -0.00944067    0.0109892 -0.000406463
  0.00959727     0.999852   -0.0142913    -0.019737
  -0.0108524    0.0143959     0.999837   -0.0544476
          -0           -0           -0            1
ProcessNextFrame [6 | 798]
Initializing FLANN index with 222118 points.
FLANN index created.
iteration ...0
Matching points ...
Estimated pose: 
   0.999895  0.00959734  -0.0108527 4.94148e-06
-0.00944062    0.999852   0.0143953    0.020514
   0.010989  -0.0142919    0.999838   0.0541611
          0           0           0           1
Completed in 0.095165 seconds.
Enter SVD 
Number of matched points ...27273
	Start Estimating Pose 
   0.999979  0.00536761 -0.00370117
-0.00536154    0.999984  0.00163415
 0.00370967 -0.00161424    0.999992
Optimization iteration done.
Current camera pose: 
    0.999782   -0.0147836    0.0147139 -0.000246664
   0.0150167     0.999761   -0.0158696   -0.0229252
  -0.0144753    0.0160877     0.999766   -0.0670549
          -0           -0           -0            1
ProcessNextFrame [7 | 798]
Initializing FLANN index with 222118 points.
FLANN index created.
iteration ...0
Matching points ...
Estimated pose: 
    0.999783    0.0150168   -0.0144757 -0.000379794
  -0.0147835     0.999761    0.0160871    0.0239948
   0.0147134   -0.0158702     0.999766     0.066679
           0            0            0            1
Completed in 0.103517 seconds.
Enter SVD 
Number of matched points ...27111
	Start Estimating Pose 
    0.999989  0.000875279  -0.00462438
-0.000850186     0.999985    0.0053421
  0.00462894  -0.00533807     0.999975
Optimization iteration done.
Current camera pose: 
    0.99969  -0.0155552   0.0194204 -0.00051832
  0.0159646    0.999649  -0.0211365   -0.022546
 -0.0190843   0.0214406    0.999588  -0.0798985
         -0          -0          -0           1
ProcessNextFrame [8 | 798]
Initializing FLANN index with 222118 points.
FLANN index created.
iteration ...0
Matching points ...
Estimated pose: 
    0.999691    0.0159651   -0.0190848 -0.000646737
  -0.0155547     0.999649      0.02144     0.024243
   0.0194199   -0.0211371     0.999588    0.0793991
           0            0            0            1
Completed in 0.096507 seconds.
Enter SVD 
Number of matched points ...27548
	Start Estimating Pose 
   0.999982 -0.00154553 -0.00574081
 0.00157589    0.999984   0.0052892
 0.00573257 -0.00529823    0.999969
Optimization iteration done.
Current camera pose: 
   0.999586  -0.0138768    0.025233 -0.00531837
  0.0145407    0.999548  -0.0263407  -0.0239618
 -0.0248556   0.0266973    0.999334  -0.0909887
         -0          -0          -0           1
ProcessNextFrame [9 | 798]
Initializing FLANN index with 222118 points.
FLANN index created.
iteration ...0
Matching points ...
Estimated pose: 
  0.999585  0.0145412  -0.024856 0.00340298
-0.0138763   0.999547  0.0266966  0.0263063
 0.0252325 -0.0263413   0.999335  0.0904312
         0          0          0          1
Completed in 0.10073 seconds.
Enter SVD 
Number of matched points ...27862
	Start Estimating Pose 
   0.999981  0.00398411 -0.00476456
-0.00395307    0.999971  0.00652346
  0.0047904 -0.00650468    0.999968
Optimization iteration done.
Current camera pose: 
  0.999391 -0.0176631  0.0301108 -0.0073803
 0.0186483   0.999289 -0.0327717 -0.0227687
-0.0295101  0.0333141   0.999009   -0.10489
        -0         -0         -0          1
ProcessNextFrame [10 | 798]
Initializing FLANN index with 222118 points.
FLANN index created.
iteration ...0
Matching points ...
Estimated pose: 
  0.999391  0.0186487 -0.0295106 0.00470504
-0.0176627   0.999289  0.0333132  0.0261164
 0.0301104 -0.0327726   0.999009   0.104262
         0          0          0          1
Completed in 0.104224 seconds.
Enter SVD 
Number of matched points ...27965
	Start Estimating Pose 
    0.999994  -0.00334576 -0.000939578
  0.00335567     0.999934    0.0109664
 0.000902548   -0.0109695     0.999939
Optimization iteration done.
Current camera pose: 
   0.999416  -0.0139779    0.031205 -0.00668237
  0.0153358    0.998927  -0.0437146  -0.0243038
 -0.0305597   0.0441685    0.998556   -0.118692
         -0          -0          -0           1
ProcessNextFrame [11 | 798]
Initializing FLANN index with 222118 points.
FLANN index created.
iteration ...0
Matching points ...
Estimated pose: 
  0.999415   0.015336 -0.0305605 0.00342389
-0.0139778   0.998926  0.0441676  0.0294266
 0.0312043 -0.0437155   0.998557   0.117667
         0          0          0          1
Completed in 0.098728 seconds.
Enter SVD 
Number of matched points ...27854
	Start Estimating Pose 
   0.999985 -0.00404048 -0.00369469
 0.00410204    0.999851   0.0167771
 0.00362655  -0.0167919    0.999852
Optimization iteration done.
Current camera pose: 
   0.999342 -0.00935279   0.0350594 -0.00949422
  0.0114608    0.998107  -0.0604265  -0.0181103
 -0.0344273   0.0607893    0.997557   -0.132206
         -0          -0          -0           1
ProcessNextFrame [12 | 798]
Initializing FLANN index with 222118 points.
FLANN index created.
iteration ...0
Matching points ...
Estimated pose: 
   0.999341   0.0114612  -0.0344279  0.00514397
-0.00935252    0.998107   0.0607885   0.0260238
  0.0350588  -0.0604273    0.997557    0.131121
          0           0           0           1
Completed in 0.104651 seconds.
Enter SVD 
Number of matched points ...27838
	Start Estimating Pose 
           1 -0.000415027   0.00078325
 0.000401527     0.999853    0.0171362
-0.000790194    -0.017136     0.999853
Optimization iteration done.
Current camera pose: 
   0.999373 -0.00834935   0.0344248 -0.00681487
  0.0109993     0.99693  -0.0775301 -0.00742943
 -0.0336712    0.077861    0.996395   -0.144546
         -0          -0          -0           1
ProcessNextFrame [13 | 798]
Initializing FLANN index with 222118 points.
FLANN index created.
iteration ...0
Matching points ...
Estimated pose: 
   0.999372   0.0109996  -0.0336717   0.0020252
-0.00834911    0.996929   0.0778601   0.0186041
  0.0344242   -0.077531    0.996396    0.143683
          0           0           0           1
Completed in 0.096623 seconds.
Enter SVD 
Number of matched points ...27826
	Start Estimating Pose 
    0.999996   0.00267926  0.000790998
 -0.00268666     0.999951   0.00955358
-0.000765473  -0.00955579     0.999954
Optimization iteration done.
Current camera pose: 
   0.999374  -0.0107051   0.0337381 -0.00623408
  0.0136089     0.99611  -0.0870613 -0.00398839
 -0.0326742   0.0874669    0.995632   -0.156047
         -0          -0          -0           1
ProcessNextFrame [14 | 798]
Initializing FLANN index with 222118 points.
FLANN index created.
iteration ...0
Matching points ...
Estimated pose: 
  0.999373  0.0136093 -0.0326749 0.00118565
-0.0107048    0.99611  0.0874658  0.0175549
 0.0337374 -0.0870622   0.995631   0.155228
         0          0          0          1
Completed in 0.095151 seconds.
Enter SVD 
Number of matched points ...27867
	Start Estimating Pose 
    0.999993   0.00316232   0.00184151
 -0.00316313     0.999995  0.000519246
 -0.00183994 -0.000524849     0.999998
Optimization iteration done.
Current camera pose: 
   0.999395  -0.0138488    0.031905  -0.0037203
  0.0165984    0.996017  -0.0876092 -0.00724348
 -0.0305639   0.0880865    0.995644   -0.164394
         -0          -0          -0           1
ProcessNextFrame [15 | 798]
Initializing FLANN index with 222118 points.
FLANN index created.
iteration ...0
Matching points ...
Estimated pose: 
   0.999395   0.0165989  -0.0305646 -0.00118634
 -0.0138484    0.996016   0.0880857   0.0216438
  0.0319042  -0.0876099    0.995644    0.163162
          0           0           0           1
Completed in 0.099133 seconds.
Enter SVD 
Number of matched points ...27400
	Start Estimating Pose 
    0.999994   0.00350991 -0.000380918
  -0.0035114     0.999987  -0.00358385
 0.000368565   0.00358519     0.999993
Optimization iteration done.
Current camera pose: 
   0.999328  -0.0174721   0.0322232 -0.00248149
  0.0201277     0.99626  -0.0840317  -0.0126172
  -0.030634   0.0846245    0.995942   -0.174134
         -0          -0          -0           1
ProcessNextFrame [16 | 798]
Initializing FLANN index with 222118 points.
FLANN index created.
iteration ...0
Matching points ...
Estimated pose: 
   0.999328   0.0201281  -0.0306345 -0.00260072
 -0.0174718     0.99626   0.0846237   0.0272625
  0.0322227  -0.0840323    0.995942    0.172447
          0           0           0           1
Completed in 0.095595 seconds.
Enter SVD 
Number of matched points ...27360
	Start Estimating Pose 
    0.999999   0.00123248    0.0010076
 -0.00123242     0.999999  3.27826e-07
 -0.00100787 -1.75834e-06            1
Optimization iteration done.
Current camera pose: 
    0.999337   -0.0187037    0.0312163 -0.000780292
   0.0212708     0.996234   -0.0840534   -0.0153252
  -0.0295259    0.0846627     0.995972    -0.184628
          -0           -0           -0            1
ProcessNextFrame [17 | 798]
Initializing FLANN index with 222118 points.
FLANN index created.
iteration ...0
Matching points ...
Estimated pose: 
   0.999338   0.0212712  -0.0295266 -0.00434568
 -0.0187034    0.996234   0.0846618   0.0308838
  0.0312155  -0.0840544    0.995972     0.18262
          0           0           0           1
Completed in 0.102396 seconds.
Enter SVD 
Number of matched points ...27273
	Start Estimating Pose 
    0.999997  0.000260234  -0.00262344
-0.000256643     0.999999   0.00131351
  0.00262376  -0.00131282     0.999996
Optimization iteration done.
Current camera pose: 
   0.999247  -0.0189193   0.0338627 -0.00249441
  0.0217503    0.996117  -0.0853051  -0.0176079
 -0.0321166   0.0859784    0.995779   -0.196666
         -0          -0          -0           1
ProcessNextFrame [18 | 798]
Initializing FLANN index with 222118 points.
FLANN index created.
iteration ...0
Matching points ...
Estimated pose: 
   0.999248   0.0217509  -0.0321174 -0.00344086
 -0.0189188    0.996118   0.0859775   0.0344012
   0.033862  -0.0853061    0.995779    0.194418
          0           0           0           1
Completed in 0.099326 seconds.
Enter SVD 
Number of matched points ...28229
	Start Estimating Pose 
   0.999991 -0.00351812 -0.00225765
 0.00352068    0.999993  0.00111976
 0.00225357 -0.00112784    0.999997
Optimization iteration done.
Current camera pose: 
   0.999229  -0.0153633    0.036136 -0.00437977
  0.0184382    0.996092  -0.0863792  -0.0211881
 -0.0346668   0.0869799    0.995607   -0.208903
         -0          -0          -0           1
ProcessNextFrame [19 | 798]
Initializing FLANN index with 222118 points.
FLANN index created.
iteration ...0
Matching points ...
Estimated pose: 
   0.999229   0.0184389  -0.0346677 -0.00247509
 -0.0153628    0.996092   0.0869789   0.0392081
  0.0361351  -0.0863802    0.995607    0.206313
          0           0           0           1
Completed in 0.107721 seconds.
Enter SVD 
Number of matched points ...28285
	Start Estimating Pose 
   0.999995  0.00308636  0.00115377
-0.00309031    0.999989  0.00355628
-0.00114292 -0.00355965    0.999993
Optimization iteration done.
Current camera pose: 
   0.999218  -0.0183226   0.0350485 -0.00173101
  0.0214126    0.995716  -0.0899456  -0.0222752
 -0.0332494   0.0906265     0.99533   -0.222091
         -0          -0          -0           1
ProcessNextFrame [20 | 798]
Initializing FLANN index with 222118 points.
FLANN index created.
iteration ...0
Matching points ...
Estimated pose: 
   0.999218   0.0214134  -0.0332503 -0.00517796
  -0.018322    0.995717   0.0906257   0.0422752
  0.0350475  -0.0899464     0.99533    0.219111
          0           0           0           1
Completed in 0.113962 seconds.
Enter SVD 
Number of matched points ...28264
	Start Estimating Pose 
   0.999997  0.00151314  0.00207426
-0.00152028    0.999993  0.00338632
-0.00206907 -0.00338933    0.999992
Optimization iteration done.
Current camera pose: 
  0.999259 -0.0197228  0.0330428  0.0014069
 0.0227328   0.995372 -0.0933641 -0.0230589
-0.0310476  0.0940468   0.995083  -0.235105
        -0         -0         -0          1
ProcessNextFrame [21 | 798]
Initializing FLANN index with 222118 points.
FLANN index created.
iteration ...0
Matching points ...
Estimated pose: 
   0.999259   0.0227334  -0.0310485 -0.00818133
 -0.0197223    0.995373   0.0940461   0.0450907
  0.0330418  -0.0933648    0.995084     0.23175
          0           0           0           1
Completed in 0.100495 seconds.
Enter SVD 
Number of matched points ...28270
	Start Estimating Pose 
   0.999984     0.00373  0.00434135
 -0.0037522     0.99998  0.00513324
-0.00432207 -0.00514922    0.999978
Optimization iteration done.
Current camera pose: 
  0.999313 -0.0233023  0.0288247 0.00832375
 0.0260397   0.994787 -0.0985858 -0.0205855
-0.0263763  0.0992692   0.994711  -0.246298
        -0         -0         -0          1
ProcessNextFrame [22 | 798]
Initializing FLANN index with 222118 points.
FLANN index created.
iteration ...0
Matching points ...
Estimated pose: 
  0.999313  0.0260405 -0.0263772 -0.0142786
-0.0233017   0.994788  0.0992688  0.0451219
 0.0288238 -0.0985864   0.994711   0.242726
         0          0          0          1
Completed in 0.11196 seconds.
Enter SVD 
Number of matched points ...27778
	Start Estimating Pose 
   0.999982  0.00483745  0.00333252
-0.00483349    0.999987 -0.00120261
-0.00333827  0.00118679    0.999993
Optimization iteration done.
Current camera pose: 
  0.999279 -0.0281668  0.0254609  0.0127154
  0.030523   0.994768 -0.0974919 -0.0258635
-0.0225808  0.0981989    0.99491  -0.258051
        -0         -0         -0          1
ProcessNextFrame [23 | 798]
Initializing FLANN index with 222118 points.
FLANN index created.
iteration ...0
Matching points ...
Estimated pose: 
  0.999279  0.0305237 -0.0225817  -0.017744
-0.0281662   0.994768  0.0981987  0.0514267
   0.02546 -0.0974921   0.994911   0.253893
         0          0          0          1
Completed in 0.113106 seconds.
Enter SVD 
Number of matched points ...27722
	Start Estimating Pose 
    0.999986   0.00350471    0.0039965
 -0.00350199     0.999994 -0.000701338
 -0.00399891  0.000687182     0.999992
Optimization iteration done.
Current camera pose: 
  0.999268 -0.0316839  0.0214453  0.0173827
 0.0336194   0.994723 -0.0969294 -0.0295472
-0.0182602  0.0975797    0.99506  -0.268753
        -0         -0         -0          1
ProcessNextFrame [24 | 798]
Initializing FLANN index with 222118 points.
FLANN index created.
iteration ...0
Matching points ...
Estimated pose: 
  0.999268    0.03362  -0.018261 -0.0212843
-0.0316834   0.994724  0.0975794  0.0561669
 0.0214444 -0.0969297    0.99506   0.264189
         0          0          0          1
Completed in 0.108548 seconds.
Enter SVD 
Number of matched points ...27556
	Start Estimating Pose 
    0.999988   0.00471233  0.000893481
 -0.00471228     0.999989 -0.000174254
-0.000894405  0.000169963     0.999999
Optimization iteration done.
Current camera pose: 
  0.999127  -0.036396  0.0205463  0.0175519
   0.03822    0.99457 -0.0967903 -0.0307928
-0.0169109  0.0974913   0.995093  -0.279539
        -0         -0         -0          1
ProcessNextFrame [25 | 798]
Initializing FLANN index with 222118 points.
FLANN index created.
iteration ...0
Matching points ...
Estimated pose: 
  0.999126  0.0382205 -0.0169119 -0.0210872
-0.0363956   0.994571   0.097491  0.0585169
 0.0205452 -0.0967907   0.995093   0.274826
         0          0          0          1
Completed in 0.103298 seconds.
Enter SVD 
Number of matched points ...28472
	Start Estimating Pose 
    0.999997  7.74711e-05  -0.00249158
-8.01235e-05            1   -0.0010291
  0.00249163   0.00102925     0.999996
Optimization iteration done.
Current camera pose: 
  0.999069 -0.0364971   0.022998  0.0161218
 0.0385382   0.994666  -0.095671 -0.0346144
-0.0193828  0.0964686   0.995147  -0.290696
        -0         -0         -0          1
ProcessNextFrame [26 | 798]
Initializing FLANN index with 222118 points.
FLANN index created.
iteration ...0
Matching points ...
Estimated pose: 
  0.999069  0.0385386 -0.0193837 -0.0204075
-0.0364968   0.994667  0.0964683  0.0630611
 0.0229972 -0.0956714   0.995147   0.285603
         0          0          0          1
Completed in 0.103851 seconds.
Enter SVD 
Number of matched points ...28258
	Start Estimating Pose 
    0.999995   -0.0024258  -0.00220536
  0.00242442     0.999997 -0.000561714
  0.00220677  0.000556201     0.999997
Optimization iteration done.
Current camera pose: 
  0.999101 -0.0340876  0.0251823  0.0162623
 0.0363362    0.99481 -0.0950323 -0.0375824
-0.0218114  0.0958625   0.995156  -0.300269
        -0         -0         -0          1
ProcessNextFrame [27 | 798]
Initializing FLANN index with 222118 points.
FLANN index created.
iteration ...0
Matching points ...
Estimated pose: 
  0.999102  0.0363365 -0.0218122 -0.0214316
-0.0340874   0.994811   0.095862  0.0667261
 0.0251815 -0.0950329   0.995155   0.294833
         0          0          0          1
Completed in 0.098101 seconds.
Enter SVD 
Number of matched points ...27758
	Start Estimating Pose 
   0.999936 -0.00366062  -0.0106924
 0.00370057    0.999986  0.00372463
  0.0106787 -0.00376403    0.999936
Optimization iteration done.
Current camera pose: 
  0.998893  -0.030296   0.035978 0.00591648
 0.0337085   0.994577 -0.0983827 -0.0357337
-0.0328016  0.0994871   0.994498  -0.312695
        -0         -0         -0          1
ProcessNextFrame [28 | 798]
Initializing FLANN index with 222118 points.
FLANN index created.
iteration ...0
Matching points ...
Estimated pose: 
  0.998893  0.0337087 -0.0328023 -0.0149625
-0.0302959   0.994578  0.0994865  0.0668282
 0.0359773 -0.0983833   0.994498   0.307246
         0          0          0          1
Completed in 0.09713 seconds.
Enter SVD 
Number of matched points ...27415
	Start Estimating Pose 
   0.999991 -0.00256276 -0.00341877
 0.00255834    0.999996 -0.00122261
 0.00342189  0.00121376    0.999993
Optimization iteration done.
Current camera pose: 
  0.998839 -0.0277841  0.0393591 0.00334747
 0.0314959    0.99478 -0.0970594 -0.0416853
-0.0364562   0.098187     0.9945  -0.321614
        -0         -0         -0          1
ProcessNextFrame [29 | 798]
Initializing FLANN index with 222118 points.
FLANN index created.
iteration ...0
Matching points ...
Estimated pose: 
  0.998839  0.0314959 -0.0364569 -0.0137557
-0.0277843   0.994781  0.0981864  0.0731389
 0.0393584 -0.0970601     0.9945   0.315667
         0          0          0          1
Completed in 0.099391 seconds.
Enter SVD 
Number of matched points ...27707
	Start Estimating Pose 
    0.999959  -0.00374682   -0.0083105
  0.00374368     0.999993 -0.000356197
  0.00831197  0.000324905     0.999965
Optimization iteration done.
Current camera pose: 
   0.998574  -0.0240583   0.0476508 -0.00399683
  0.0285743    0.994925  -0.0964709  -0.0447594
 -0.0450875   0.0976957    0.994195    -0.33242
         -0          -0          -0           1
ProcessNextFrame [30 | 798]
Initializing FLANN index with 222118 points.
FLANN index created.
iteration ...0
Matching points ...
Estimated pose: 
   0.998575   0.0285739  -0.0450881 -0.00971809
 -0.0240588    0.994926    0.097695   0.0769119
  0.0476503  -0.0964717    0.994194    0.326362
          0           0           0           1
Completed in 0.097478 seconds.
Enter SVD 
Number of matched points ...27673
	Start Estimating Pose 
   0.999985 -0.00329328 -0.00431788
 0.00330759    0.999989  0.00332969
 0.00430687 -0.00334397    0.999985
Optimization iteration done.
Current camera pose: 
   0.998433  -0.0205964   0.0520313 -0.00761786
  0.0257139    0.994687  -0.0996733  -0.0452302
 -0.0497014    0.100856    0.993659   -0.343416
         -0          -0          -0           1
ProcessNextFrame [31 | 798]
Initializing FLANN index with 222118 points.
FLANN index created.
iteration ...0
Matching points ...
Estimated pose: 
   0.998433   0.0257135   -0.049702 -0.00829949
  -0.020597    0.994689    0.100855   0.0794683
  0.0520308  -0.0996743    0.993659    0.337126
          0           0           0           1
Completed in 0.110103 seconds.
Enter SVD 
Number of matched points ...28093
	Start Estimating Pose 
    0.999998  -0.00202276 -0.000844553
  0.00202351     0.999998  0.000950485
 0.000842594 -0.000952274     0.999999
Optimization iteration done.
Current camera pose: 
   0.998428  -0.0185265   0.0528922 -0.00767194
  0.0237861    0.994642   -0.100599  -0.0476976
 -0.0507445      0.1017     0.99352   -0.352155
         -0          -0          -0           1
ProcessNextFrame [32 | 798]
Initializing FLANN index with 222118 points.
FLANN index created.
iteration ...0
Matching points ...
Estimated pose: 
   0.998429   0.0237856  -0.0507451 -0.00907575
 -0.0185271    0.994644    0.101699   0.0831137
  0.0528916     -0.1006     0.99352    0.345481
          0           0           0           1
Completed in 0.10194 seconds.
Enter SVD 
Number of matched points ...28262
	Start Estimating Pose 
   0.999972  0.00735333 -0.00132709
-0.00734629     0.99996  0.00520593
 0.00136513 -0.00519609    0.999986
Optimization iteration done.
Current camera pose: 
  0.998193 -0.0255851  0.0543508 -0.0107333
 0.0312328   0.993903  -0.105733 -0.0444725
-0.0513135    0.10724   0.992908  -0.362571
        -0         -0         -0          1
ProcessNextFrame [33 | 798]
Initializing FLANN index with 222118 points.
FLANN index created.
iteration ...0
Matching points ...
Estimated pose: 
   0.998195   0.0312324  -0.0513143 -0.00650223
 -0.0255858    0.993905     0.10724   0.0828088
  0.0543501   -0.105734    0.992908    0.355881
          0           0           0           1
Completed in 0.10409 seconds.
Enter SVD 
Number of matched points ...28575
	Start Estimating Pose 
   0.999988 -0.00427913 -0.00224762
 0.00429966    0.999948  0.00923109
 0.00220819 -0.00924057    0.999955
Optimization iteration done.
Current camera pose: 
  0.998169 -0.0207902  0.0567888 -0.0132466
 0.0272171   0.993009  -0.114844 -0.0412388
-0.0540037    0.11618   0.991759  -0.375947
        -0         -0         -0          1
ProcessNextFrame [34 | 798]
Initializing FLANN index with 222118 points.
FLANN index created.
iteration ...0
Matching points ...
Estimated pose: 
    0.99817   0.0272166  -0.0540043 -0.00595795
 -0.0207909    0.993012    0.116179   0.0843523
  0.0567883   -0.114845    0.991759    0.368865
          0           0           0           1
Completed in 0.119905 seconds.
Enter SVD 
Number of matched points ...28670
	Start Estimating Pose 
   0.999971 -0.00724776 -0.00215742
 0.00727896    0.999864   0.0148156
 0.00204979   -0.014831    0.999888
Optimization iteration done.
Current camera pose: 
  0.998169 -0.0126803  0.0591368 -0.0156993
  0.020267   0.991371  -0.129502 -0.0344471
-0.0569839   0.130465   0.989814  -0.386952
        -0         -0         -0          1
ProcessNextFrame [35 | 798]
Initializing FLANN index with 222118 points.
FLANN index created.
iteration ...0
Matching points ...
Estimated pose: 
    0.99817   0.0202665  -0.0569844 -0.00568158
  -0.012681    0.991373    0.130464   0.0844341
  0.0591363   -0.129503    0.989814    0.379478
          0           0           0           1
Completed in 0.103359 seconds.
Enter SVD 
Number of matched points ...28428
	Start Estimating Pose 
   0.999956 -0.00588168 -0.00727614
 0.00596147    0.999922   0.0109711
 0.00721101  -0.0110139    0.999914
Optimization iteration done.
Current camera pose: 
    0.99777 -0.00608017   0.0664691  -0.0219521
  0.0153773    0.989994   -0.140264  -0.0285379
 -0.0649507    0.140974    0.987881    -0.39455
         -0          -0          -0           1
ProcessNextFrame [36 | 798]
Initializing FLANN index with 222118 points.
FLANN index created.
iteration ...0
Matching points ...
Estimated pose: 
    0.99777   0.0153769  -0.0649513 -0.00328458
-0.00608069    0.989996    0.140973   0.0837399
  0.0664687   -0.140265     0.98788    0.387225
          0           0           0           1
Completed in 0.108451 seconds.
Enter SVD 
Number of matched points ...27673
	Start Estimating Pose 
   0.999957 -0.00791413 -0.00473573
 0.00796167    0.999918   0.0100619
 0.00465547   -0.010099    0.999938
Optimization iteration done.
Current camera pose: 
  0.997461 0.00253284  0.0711718 -0.0264536
 0.0082057   0.988623  -0.150182 -0.0219046
-0.0707418   0.150385   0.986094   -0.39939
        -0         -0         -0          1
ProcessNextFrame [37 | 798]
Initializing FLANN index with 222118 points.
FLANN index created.
iteration ...0
Matching points ...
Estimated pose: 
   0.997461  0.00820556  -0.0707425 -0.00168773
 0.00253253    0.988625    0.150384   0.0817845
  0.0711711   -0.150182    0.986093    0.392429
          0           0           0           1
Completed in 0.105966 seconds.
Enter SVD 
Number of matched points ...27570
	Start Estimating Pose 
    0.999993  -0.00390028  0.000355236
   0.0038971     0.999956   0.00851569
-0.000388332  -0.00851426     0.999964
Optimization iteration done.
Current camera pose: 
  0.997468 0.00702602  0.0707602 -0.0246556
0.00429641   0.987333  -0.158597 -0.0145669
-0.0709776     0.1585   0.984804  -0.402198
        -0         -0         -0          1
ProcessNextFrame [38 | 798]
Initializing FLANN index with 222118 points.
FLANN index created.
iteration ...0
Matching points ...
Estimated pose: 
   0.997469  0.00429623  -0.0709783 -0.00389157
 0.00702569    0.987335    0.158499   0.0783038
  0.0707596   -0.158598    0.984805    0.395521
          0           0           0           1
Completed in 0.096276 seconds.
Enter SVD 
Number of matched points ...27475
	Start Estimating Pose 
   0.999988 -0.00427891 -0.00237794
 0.00429729    0.999961   0.0077391
 0.00234463 -0.00774938    0.999967
Optimization iteration done.
Current camera pose: 
   0.997258   0.0118597   0.0730422  -0.0264492
0.000448676    0.986085   -0.166232  -0.0074507
 -0.0739966     0.16581    0.983377   -0.403093
         -0          -0          -0           1
ProcessNextFrame [39 | 798]
Initializing FLANN index with 222118 points.
FLANN index created.
iteration ...0
Matching points ...
Estimated pose: 
   0.997259 0.000448597  -0.0739974  -0.0034478
  0.0118594    0.986087     0.16581   0.0744974
  0.0730415   -0.166234    0.983378    0.397086
          0           0           0           1
Completed in 0.097894 seconds.
Enter SVD 
Number of matched points ...28119
	Start Estimating Pose 
   0.999967 -0.00741974 -0.00341955
 0.00744075    0.999953  0.00619403
 0.00337356  -0.0062193    0.999975
Optimization iteration done.
Current camera pose: 
  0.996887   0.019732  0.0763308 -0.0293406
-0.0062993   0.985013  -0.172359  -0.001488
-0.0785873   0.171343   0.982072  -0.401884
        -0         -0         -0          1
ProcessNextFrame [40 | 798]
Initializing FLANN index with 222118 points.
FLANN index created.
iteration ...0
Matching points ...
Estimated pose: 
   0.996888 -0.00629948  -0.0785879 -0.00234331
  0.0197317    0.985015    0.171342   0.0709044
  0.0763303   -0.172361    0.982072    0.396662
          0           0           0           1
Completed in 0.097975 seconds.
Enter SVD 
Number of matched points ...28032
	Start Estimating Pose 
    0.999998  -0.00202022 -0.000123918
  0.00202044     0.999992   0.00350422
 0.000117123  -0.00350457     0.999994
Optimization iteration done.
Current camera pose: 
   0.996836   0.0220137   0.0763776  -0.0275477
-0.00826762    0.984388   -0.175811  0.00340867
 -0.0790552    0.174624    0.981456   -0.397622
         -0          -0          -0           1
ProcessNextFrame [41 | 798]
Initializing FLANN index with 222118 points.
FLANN index created.
iteration ...0
Matching points ...
Estimated pose: 
   0.996836 -0.00826806  -0.0790556 -0.00394545
  0.0220131     0.98439    0.174624   0.0666851
  0.0763774   -0.175812    0.981457    0.392952
          0           0           0           1
Completed in 0.102347 seconds.
Enter SVD 
Number of matched points ...28196
	Start Estimating Pose 
   0.999939  -0.0108904  0.00194755
  0.0108833    0.999934  0.00358444
 -0.0019862 -0.00356308    0.999992
Optimization iteration done.
Current camera pose: 
  0.996684   0.033135  0.0743183 -0.0199694
-0.0193298   0.983603  -0.179301 0.00957224
-0.0790409   0.177271   0.980983  -0.391575
        -0         -0         -0          1
ProcessNextFrame [42 | 798]
Initializing FLANN index with 222118 points.
FLANN index created.
iteration ...0
Matching points ...
Estimated pose: 
  0.996684 -0.0193304  -0.079041 -0.0108623
 0.0331343   0.983605    0.17727  0.0606607
 0.0743184  -0.179302   0.980984   0.387329
         0          0          0          1
Completed in 0.106269 seconds.
Enter SVD 
Number of matched points ...28502
	Start Estimating Pose 
   0.999989  -0.0044746 -0.00174025
 0.00446855    0.999984 -0.00354415
 0.00175592  0.00353631    0.999992
Optimization iteration done.
Current camera pose: 
  0.996395  0.0373246  0.0761852 -0.0177699
-0.0234189   0.984136  -0.175855 0.00947019
-0.0815403   0.173438   0.981463   -0.38326
        -0         -0         -0          1
ProcessNextFrame [43 | 798]
Initializing FLANN index with 222118 points.
FLANN index created.
iteration ...0
Matching points ...
Estimated pose: 
  0.996395 -0.0234194 -0.0815405 -0.0133235
 0.0373241   0.984138   0.173437  0.0578147
 0.0761852  -0.175856   0.981464   0.379175
         0          0          0          1
Completed in 0.103191 seconds.
Enter SVD 
Number of matched points ...28454
	Start Estimating Pose 
    0.999972  -0.00748505 -0.000473216
  0.00748245     0.999959  -0.00509125
 0.000511281   0.00508726     0.999987
Optimization iteration done.
Current camera pose: 
  0.996051  0.0443908  0.0768835 -0.0129646
-0.0307013   0.984816  -0.170857  0.0078767
-0.0833005   0.167824   0.982291  -0.372636
        -0         -0         -0          1
ProcessNextFrame [44 | 798]
Initializing FLANN index with 222118 points.
FLANN index created.
iteration ...0
Matching points ...
Estimated pose: 
  0.996052 -0.0307018 -0.0833009 -0.0178856
 0.0443902   0.984818   0.167823  0.0553552
 0.0768835  -0.170859   0.982292    0.36838
         0          0          0          1
Completed in 0.11212 seconds.
Enter SVD 
Number of matched points ...28725
	Start Estimating Pose 
   0.999981 -0.00572869 -0.00242445
 0.00572047    0.999978 -0.00337684
 0.00244361  0.00336266    0.999992
Optimization iteration done.
Current camera pose: 
   0.99559  0.0498281  0.0794662 -0.0129336
-0.0359281   0.985195  -0.167619  0.0102358
-0.0866417   0.164027   0.982643  -0.360911
        -0         -0         -0          1
ProcessNextFrame [45 | 798]
Initializing FLANN index with 222118 points.
FLANN index created.
iteration ...0
Matching points ...
Estimated pose: 
  0.995592 -0.0359287 -0.0866422 -0.0180257
 0.0498275   0.985198   0.164026  0.0497587
 0.0794661  -0.167621   0.982644   0.357391
         0          0          0          1
Completed in 0.105065 seconds.
Enter SVD 
Number of matched points ...28552
	Start Estimating Pose 
    0.99999  0.00116379 -0.00433673
-0.00119934    0.999966 -0.00817236
 0.00432719  0.00817728    0.999957
Optimization iteration done.
Current camera pose: 
  0.995294  0.0479831  0.0841783 -0.0144518
-0.0340542   0.986575  -0.159711 0.00904612
-0.0907115   0.156095   0.983567  -0.349798
        -0         -0         -0          1
ProcessNextFrame [46 | 798]
Initializing FLANN index with 222118 points.
FLANN index created.
iteration ...0
Matching points ...
Estimated pose: 
  0.995296 -0.0340549 -0.0907119  -0.017039
 0.0479823   0.986577   0.156093  0.0463699
 0.0841782  -0.159714   0.983569   0.346712
         0          0          0          1
Completed in 0.103851 seconds.
Enter SVD 
Number of matched points ...28285
	Start Estimating Pose 
   0.999968 -0.00600611 -0.00542229
  0.0059762    0.999967 -0.00551128
 0.00545511  0.00547853     0.99997
Optimization iteration done.
Current camera pose: 
  0.994516  0.0534657  0.0898682 -0.0174428
-0.0391125   0.987219  -0.154487 0.00961489
-0.0969791   0.150127   0.983898  -0.338296
        -0         -0         -0          1
ProcessNextFrame [47 | 798]
Initializing FLANN index with 222118 points.
FLANN index created.
iteration ...0
Matching points ...
Estimated pose: 
  0.994519 -0.0391132 -0.0969796 -0.0150846
 0.0534649   0.987222   0.150125  0.0422274
 0.0898681   -0.15449     0.9839   0.335903
         0          0          0          1
Completed in 0.105117 seconds.
Enter SVD 
Number of matched points ...27927
	Start Estimating Pose 
   0.999998  0.00119177 -0.00159464
-0.00120179     0.99998 -0.00620297
 0.00158702  0.00620455    0.999979
Optimization iteration done.
Current camera pose: 
  0.994435  0.0517121  0.0917766 -0.0165068
-0.0376894   0.988204   -0.14842  0.0122335
-0.0983688   0.144138   0.984656  -0.326934
        -0         -0         -0          1
ProcessNextFrame [48 | 798]
Initializing FLANN index with 222118 points.
FLANN index created.
iteration ...0
Matching points ...
Estimated pose: 
  0.994437 -0.0376903 -0.0983695 -0.0152842
 0.0517112   0.988207   0.144136  0.0358871
 0.0917762  -0.148423   0.984657   0.325248
         0          0          0          1
Completed in 0.112015 seconds.
Enter SVD 
Number of matched points ...27904
	Start Estimating Pose 
    0.999991  0.000851735  -0.00411097
-0.000872582     0.999987   -0.0049991
  0.00410686   0.00500241     0.999979
Optimization iteration done.
Current camera pose: 
  0.994093  0.0503853  0.0961172 -0.0152816
-0.0362369   0.988966  -0.143628  0.0166852
 -0.102293     0.1393   0.984952  -0.318743
        -0         -0         -0          1
ProcessNextFrame [49 | 798]
Initializing FLANN index with 222118 points.
FLANN index created.
iteration ...0
Matching points ...
Estimated pose: 
  0.994095 -0.0362381  -0.102294 -0.0168094
  0.050384   0.988969   0.139297  0.0286689
  0.096117  -0.143631   0.984953   0.317812
         0          0          0          1
Completed in 0.11522 seconds.
Enter SVD 
Number of matched points ...27695
	Start Estimating Pose 
   0.999989  0.00365363  0.00302149
-0.00363185    0.999968 -0.00715169
-0.00304771  0.00714043     0.99997
Optimization iteration done.
Current camera pose: 
   0.994556   0.0460858   0.0934446 -0.00922951
 -0.0330573    0.990093   -0.136452   0.0153533
 -0.0988068    0.132623    0.986229   -0.304118
         -0          -0          -0           1
ProcessNextFrame [50 | 798]
Initializing FLANN index with 222118 points.
FLANN index created.
iteration ...0
Matching points ...
Estimated pose: 
  0.994559 -0.0330584 -0.0988077 -0.0203624
 0.0460846   0.990096    0.13262  0.0255563
 0.0934441  -0.136455    0.98623   0.302888
         0          0          0          1
Completed in 0.109256 seconds.
Enter SVD 
Number of matched points ...27357
	Start Estimating Pose 
   0.999985  0.00519633  0.00181366
-0.00519083    0.999982 -0.00299838
-0.00182949  0.00298879    0.999994
Optimization iteration done.
Current camera pose: 
    0.99495   0.0406422   0.0917625 -0.00180124
 -0.0281595    0.990656   -0.133431   0.0175086
 -0.0963272    0.130176      0.9868   -0.292957
         -0          -0          -0           1
ProcessNextFrame [51 | 798]
Initializing FLANN index with 222118 points.
FLANN index created.
iteration ...0
Matching points ...
Estimated pose: 
  0.994952 -0.0281605 -0.0963284 -0.0259349
  0.040641   0.990659   0.130174  0.0208635
 0.0917618  -0.133434   0.986801   0.291592
         0          0          0          1
Completed in 0.114351 seconds.
Enter SVD 
Number of matched points ...27898
	Start Estimating Pose 
   0.999992 -0.00178237  0.00356282
 0.00177866    0.999998   0.0010598
 -0.0035646 -0.00105324    0.999993
Optimization iteration done.
Current camera pose: 
  0.995197  0.0425089  0.0881724 0.00611995
-0.0304004   0.990463  -0.134373  0.0191083
-0.0930429   0.131051      0.987  -0.284947
        -0         -0         -0          1
ProcessNextFrame [52 | 798]
Completed in 27.1635 seconds.
