Initializing FLANN index with 2503 points.
FLANN index created.
iteration ...0
Matching points ...
Estimated pose: 
1 0 0 0
0 1 0 0
0 0 1 0
0 0 0 1
Completed in 0.007472 seconds.
Enter SVD 
Number of matched points ...1883
	Start Estimating Pose 
   0.999883  0.00718447  -0.0134597
-0.00721725    0.999971  -0.0023851
  0.0134421  0.00248193    0.999907
Optimization iteration done.
iteration ...1
Matching points ...
Estimated pose: 
    0.999883   0.00718447   -0.0134597 -0.000704186
 -0.00721725     0.999971   -0.0023851 -0.000503436
   0.0134421   0.00248193     0.999907   0.00468162
           0            0            0            1
Completed in 0.006109 seconds.
Enter SVD 
Number of matched points ...2091
	Start Estimating Pose 
   0.999997  0.00224821  0.00128305
-0.00223663    0.999958 -0.00892915
-0.00130308  0.00892625    0.999959
Optimization iteration done.
iteration ...2
Matching points ...
Estimated pose: 
    0.999881   0.00943577   -0.0121821  -0.00126235
 -0.00957335      0.99989   -0.0112832 -0.000884707
   0.0120743    0.0113985     0.999862   0.00781544
           0            0            0            1
Completed in 0.007254 seconds.
Enter SVD 
Number of matched points ...2235
	Start Estimating Pose 
   0.999964 -0.00132091  0.00836046
 0.00143778    0.999901   -0.013988
-0.00834116   0.0139995    0.999867
Optimization iteration done.
iteration ...3
Matching points ...
Estimated pose: 
   0.999959  0.00820996 -0.00380743 -0.00170673
-0.00830369    0.999645  -0.0252857 -0.00120183
 0.00359846   0.0253162    0.999673  0.00942139
          0           0           0           1
Completed in 0.005446 seconds.
Enter SVD 
Number of matched points ...2342
	Start Estimating Pose 
  0.999911 -0.0047258  0.0124202
0.00497349   0.999788 -0.0199924
-0.0123231  0.0200525   0.999723
Optimization iteration done.
iteration ...4
Matching points ...
Estimated pose: 
   0.999954  0.00379954  0.00872856 -0.00197269
-0.00340058    0.998968  -0.0452851 -0.00129053
-0.00889161   0.0452534    0.998936  0.00967898
          0           0           0           1
Completed in 0.005505 seconds.
Enter SVD 
Number of matched points ...2403
	Start Estimating Pose 
  0.999889 -0.0073883  0.0129173
0.00762416   0.999803 -0.0183321
-0.0127793  0.0184285   0.999749
Optimization iteration done.
iteration ...5
Matching points ...
Estimated pose: 
   0.999754 -0.00299701   0.0219658 -0.00208635
  0.0043869     0.99797  -0.0635223 -0.00142798
 -0.0217308    0.063603    0.997739  0.00927856
          0           0           0           1
Completed in 0.006186 seconds.
Enter SVD 
Number of matched points ...2437
	Start Estimating Pose 
   0.999854 -0.00981705   0.0140113
  0.0100726    0.999782  -0.0183024
 -0.0138286   0.0184409    0.999734
Optimization iteration done.
iteration ...6
Matching points ...
Estimated pose: 
    0.99926  -0.0119025   0.0365657 -0.00205746
  0.0148538    0.996559  -0.0815482 -0.00147495
 -0.0354692   0.0820309    0.995999  0.00841987
          0           0           0           1
Completed in 0.004828 seconds.
Enter SVD 
Number of matched points ...2483
	Start Estimating Pose 
  0.999845 -0.0106753  0.0140047
 0.0109442   0.999755 -0.0192498
-0.0137958     0.0194   0.999717
Optimization iteration done.
iteration ...7
Matching points ...
Estimated pose: 
    0.99845  -0.0213905   0.0513793 -0.00194326
  0.0264691    0.994605   -0.100301  -0.0013524
 -0.0489567    0.101505     0.99363  0.00720912
          0           0           0           1
Completed in 0.004938 seconds.
Enter SVD 
Number of matched points ...2503
	Start Estimating Pose 
  0.999867 -0.0109694  0.0120924
 0.0111846   0.999779 -0.0178371
-0.0118941  0.0179698   0.999768
Optimization iteration done.
iteration ...8
Matching points ...
Estimated pose: 
   0.997435  -0.0310705   0.0644881 -0.00177387
  0.0385037    0.992335   -0.117427 -0.00121166
 -0.0603454    0.119609    0.990986  0.00597537
          0           0           0           1
Completed in 0.005465 seconds.
Enter SVD 
Number of matched points ...2503
	Start Estimating Pose 
   0.999914 -0.00912299  0.00940172
 0.00925496    0.999858  -0.0140774
-0.00927196   0.0141632    0.999857
Optimization iteration done.
iteration ...9
Matching points ...
Estimated pose: 
    0.99643  -0.0389963   0.0748708 -0.00155622
   0.048579    0.990223   -0.130764 -0.00114315
 -0.0690396    0.133934    0.988583  0.00495268
          0           0           0           1
Completed in 0.004126 seconds.
Enter SVD 
Number of matched points ...2503
	Start Estimating Pose 
   0.999935 -0.00875043   0.0073829
 0.00883399    0.999897  -0.0113636
-0.00728273    0.011428    0.999908
Optimization iteration done.
Estimated pose: 
    0.99543  -0.0466698   0.0833087  -0.0012325
  0.0581609    0.988254   -0.141323 -0.00101796
 -0.0757348    0.145523    0.986453  0.00409293
          0           0           0           1
Resulting mesh written.
Error for point 1 : 0.00824419
Error for point 2 : 0.0105703
Error for point 3 : 0.00836463
Error for point 4 : 0.00984799
Error calculated: 0.0370271
Resulting mesh written.
Completed in 0.147093 seconds.
