Initialize virtual sensor...
ProcessNextFrame [0 | 798]
ProcessNextFrame [1 | 798]
depthIntrinsics   525     0 319.5
    0   525 239.5
    0     0     1
target.getWidth() 640
target.getHeight() 480
iteration ...0
Matching points ...
Estimated pose: 
1 0 0 0
0 1 0 0
0 0 1 0
0 0 0 1
total possible nMatches: 27845
nTargetPoints: 307200
total actual nMatches: 27750
total non 0 dist nMatches: 0
Completed in 0.044923 seconds.
Enter SVD 
Number of matched points ...27750
	Start Estimating Pose 
    0.999999  0.000816926  -0.00147035
 -0.00081823     0.999999 -0.000915676
  0.00146945  0.000916541     0.999998
Optimization iteration done.
iteration ...1
Matching points ...
Estimated pose: 
    0.999999  0.000816926  -0.00147035   0.00121041
 -0.00081823     0.999999 -0.000915676   0.00382592
  0.00146945  0.000916541     0.999998   0.00542045
           0            0            0            1
total possible nMatches: 27845
nTargetPoints: 307200
total actual nMatches: 27765
total non 0 dist nMatches: 0
Completed in 0.044749 seconds.
Enter SVD 
Number of matched points ...27765
	Start Estimating Pose 
    0.999999  0.000458792  -0.00144874
-0.000459455            1 -0.000440598
  0.00144865  0.000441283     0.999999
Optimization iteration done.
iteration ...2
Matching points ...
Estimated pose: 
   0.999995  0.00127439 -0.00291951   0.0024461
-0.00127833    0.999998  -0.0013556  0.00525906
 0.00291773  0.00135901    0.999995  0.00805352
          0           0           0           1
total possible nMatches: 27845
nTargetPoints: 307200
total actual nMatches: 27770
total non 0 dist nMatches: 0
Completed in 0.044655 seconds.
Enter SVD 
Number of matched points ...27770
	Start Estimating Pose 
           1  0.000121601 -0.000915989
-0.000121564            1 -5.45382e-05
 0.000916027  5.46575e-05            1
Optimization iteration done.
iteration ...3
Matching points ...
Estimated pose: 
   0.999992  0.00139474 -0.00383566  0.00315086
-0.00140005    0.999997 -0.00140978  0.00568035
 0.00383368  0.00141483    0.999992  0.00951433
          0           0           0           1
total possible nMatches: 27845
nTargetPoints: 307200
total actual nMatches: 27769
total non 0 dist nMatches: 0
Completed in 0.04448 seconds.
Enter SVD 
Number of matched points ...27769
	Start Estimating Pose 
           1  0.000252903  -0.00105006
-0.000252657            1   0.00013113
  0.00104997   -0.0001311            1
Optimization iteration done.
iteration ...4
Matching points ...
Estimated pose: 
   0.999987  0.00164616 -0.00488606  0.00398392
-0.00165221    0.999997 -0.00127768  0.00569273
 0.00488383  0.00128519    0.999987   0.0104478
          0           0           0           1
total possible nMatches: 27845
nTargetPoints: 307200
total actual nMatches: 27771
total non 0 dist nMatches: 0
Completed in 0.044677 seconds.
Enter SVD 
Number of matched points ...27771
	Start Estimating Pose 
           1  0.000267923 -0.000515595
-0.000267886            1  0.000194728
 0.000515617 -0.000194699            1
Optimization iteration done.
iteration ...5
Matching points ...
Estimated pose: 
   0.999984  0.00191342 -0.00540199  0.00422406
-0.00191914    0.999997 -0.00108165  0.00556556
 0.00539976  0.00109134    0.999985   0.0109606
          0           0           0           1
total possible nMatches: 27845
nTargetPoints: 307200
total actual nMatches: 27772
total non 0 dist nMatches: 0
Completed in 0.044728 seconds.
Enter SVD 
Number of matched points ...27772
	Start Estimating Pose 
           1  0.000197545 -0.000318341
-0.000197582            1  0.000138253
 0.000318334 -0.000138134            1
Optimization iteration done.
iteration ...6
Matching points ...
Estimated pose: 
    0.999982   0.00211062  -0.00572054   0.00428419
 -0.00211597     0.999997 -0.000942329   0.00546987
  0.00571835   0.00095382     0.999983    0.0112252
           0            0            0            1
total possible nMatches: 27845
nTargetPoints: 307200
total actual nMatches: 27774
total non 0 dist nMatches: 0
Completed in 0.044588 seconds.
Enter SVD 
Number of matched points ...27774
	Start Estimating Pose 
           1  0.000200763 -0.000539795
-0.000200897            1  5.24223e-05
 0.000539728 -5.24521e-05            1
Optimization iteration done.
iteration ...7
Matching points ...
Estimated pose: 
    0.999978   0.00231086  -0.00626051   0.00460413
 -0.00231656     0.999997 -0.000888758   0.00542801
  0.00625818  0.000902507      0.99998    0.0114087
           0            0            0            1
total possible nMatches: 27845
nTargetPoints: 307200
total actual nMatches: 27776
total non 0 dist nMatches: 0
Completed in 0.044629 seconds.
Enter SVD 
Number of matched points ...27776
	Start Estimating Pose 
           1  0.000174105 -0.000310317
 -0.00017409            1  1.23382e-05
 0.000310346 -1.20401e-05            1
Optimization iteration done.
iteration ...8
Matching points ...
Estimated pose: 
   0.999976  0.00248469 -0.00657098  0.00467939
-0.00249057    0.999996 -0.00087533  0.00540926
 0.00656854 0.000891184    0.999978   0.0115259
          0           0           0           1
total possible nMatches: 27845
nTargetPoints: 307200
total actual nMatches: 27775
total non 0 dist nMatches: 0
Completed in 0.044634 seconds.
Enter SVD 
Number of matched points ...27775
	Start Estimating Pose 
           1  0.000143483 -0.000170447
-0.000143617            1  -1.2219e-05
 0.000170574  1.23382e-05            1
Optimization iteration done.
iteration ...9
Matching points ...
Estimated pose: 
    0.999974   0.00262802  -0.00674155   0.00460189
 -0.00263427     0.999996 -0.000886605   0.00542043
  0.00673908  0.000903945     0.999977    0.0115875
           0            0            0            1
total possible nMatches: 27845
nTargetPoints: 307200
total actual nMatches: 27775
total non 0 dist nMatches: 0
Completed in 0.044667 seconds.
Enter SVD 
Number of matched points ...27775
	Start Estimating Pose 
           1  9.86084e-05 -6.23763e-05
-9.84892e-05            1 -9.05991e-06
  6.2272e-05  9.11951e-06            1
Optimization iteration done.
Current camera pose: 
   0.999973 -0.00273272  0.00680154 -0.00447964
 0.00272666    0.999996 0.000913571 -0.00545693
-0.00680379 -0.00089466    0.999976  -0.0115803
          0          -0          -0           1
ProcessNextFrame [2 | 798]
depthIntrinsics   525     0 319.5
    0   525 239.5
    0     0     1
target.getWidth() 640
target.getHeight() 480
iteration ...0
Matching points ...
Estimated pose: 
    0.999974   0.00272657  -0.00680401   0.00441561
 -0.00273282     0.999996 -0.000895001    0.0054343
  0.00680133  0.000913229     0.999977    0.0116155
           0            0            0            1
total possible nMatches: 28293
nTargetPoints: 307200
total actual nMatches: 28045
total non 0 dist nMatches: 0
Completed in 0.023166 seconds.
Enter SVD 
Number of matched points ...28045
	Start Estimating Pose 
   0.999998  0.00168215 -0.00115174
-0.00168358    0.999998  -0.0011732
 0.00114974  0.00117519    0.999999
Optimization iteration done.
iteration ...1
Matching points ...
Estimated pose: 
   0.999959  0.00440765 -0.00795721  0.00492023
-0.00442432    0.999988 -0.00205672   0.0114652
 0.00794782  0.00209155    0.999966   0.0195397
          0           0           0           1
total possible nMatches: 28293
nTargetPoints: 307200
total actual nMatches: 28154
total non 0 dist nMatches: 0
Completed in 0.022742 seconds.
Enter SVD 
Number of matched points ...28154
	Start Estimating Pose 
    0.999999  0.000694185  -0.00129283
 -0.00069353            1  0.000611752
  0.00129331 -0.000610828     0.999999
Optimization iteration done.
iteration ...2
Matching points ...
Estimated pose: 
   0.999945  0.00509912 -0.00925142  0.00564782
-0.00511296    0.999986 -0.00143946   0.0128284
 0.00924378  0.00148643    0.999956   0.0226432
          0           0           0           1
total possible nMatches: 28293
nTargetPoints: 307200
total actual nMatches: 28168
total non 0 dist nMatches: 0
Completed in 0.022417 seconds.
Enter SVD 
Number of matched points ...28168
	Start Estimating Pose 
    0.999999  0.000426635 -0.000963204
-0.000425518     0.999999   0.00127324
 0.000963755  -0.00127286     0.999999
Optimization iteration done.
iteration ...3
Matching points ...
Estimated pose: 
    0.999933   0.00552432   -0.0102152   0.00595682
 -0.00552668     0.999985 -0.000162338    0.0123217
    0.010214  0.000218503     0.999948    0.0243326
           0            0            0            1
total possible nMatches: 28293
nTargetPoints: 307200
total actual nMatches: 28185
total non 0 dist nMatches: 0
Completed in 0.022258 seconds.
Enter SVD 
Number of matched points ...28185
	Start Estimating Pose 
           1  0.000385195 -0.000361264
-0.000384837     0.999999   0.00138783
 0.000362046  -0.00138751     0.999999
Optimization iteration done.
iteration ...4
Matching points ...
Estimated pose: 
   0.999927  0.00590943  -0.0105765  0.00555847
-0.00589731    0.999982  0.00122936   0.0112109
  0.0105837 -0.00116698    0.999943   0.0254046
          0           0           0           1
total possible nMatches: 28293
nTargetPoints: 307200
total actual nMatches: 28204
total non 0 dist nMatches: 0
Completed in 0.022269 seconds.
Enter SVD 
Number of matched points ...28204
	Start Estimating Pose 
           1  0.000347987 -0.000137947
-0.000348002     0.999999   0.00135973
 0.000138372  -0.00135967     0.999999
Optimization iteration done.
iteration ...5
Matching points ...
Estimated pose: 
   0.999924  0.00625757   -0.010714   0.0048834
-0.00623089    0.999977  0.00259269  0.00989468
    0.01073 -0.00252581    0.999939   0.0260981
          0           0           0           1
total possible nMatches: 28293
nTargetPoints: 307200
total actual nMatches: 28204
total non 0 dist nMatches: 0
Completed in 0.022252 seconds.
Enter SVD 
Number of matched points ...28204
	Start Estimating Pose 
           1  0.000350744  -1.4402e-05
-0.000350714     0.999999   0.00101382
 1.48639e-05  -0.00101352     0.999999
Optimization iteration done.
iteration ...6
Matching points ...
Estimated pose: 
   0.999921  0.00660834  -0.0107275  0.00412168
 -0.0065707    0.999972   0.0036102  0.00888436
  0.0107512 -0.00353921    0.999936   0.0264185
          0           0           0           1
total possible nMatches: 28293
nTargetPoints: 307200
total actual nMatches: 28217
total non 0 dist nMatches: 0
Completed in 0.022248 seconds.
Enter SVD 
Number of matched points ...28217
	Start Estimating Pose 
           1  0.000232875 -2.70531e-05
 -0.00023298            1  0.000748843
 2.71648e-05 -0.000748932            1
Optimization iteration done.
iteration ...7
Matching points ...
Estimated pose: 
   0.999919   0.0068413  -0.0107537  0.00340996
 -0.0067956    0.999968  0.00436149  0.00814438
  0.0107833 -0.00428794    0.999932   0.0265665
          0           0           0           1
total possible nMatches: 28293
nTargetPoints: 307200
total actual nMatches: 28216
total non 0 dist nMatches: 0
Completed in 0.022228 seconds.
Enter SVD 
Number of matched points ...28216
	Start Estimating Pose 
           1  0.000177816 -3.34457e-05
-0.000177786            1  0.000582844
 3.35351e-05 -0.000582695            1
Optimization iteration done.
iteration ...8
Matching points ...
Estimated pose: 
   0.999917  0.00701925  -0.0107864  0.00277562
-0.00696709    0.999963  0.00494621   0.0075814
  0.0108208 -0.00487039    0.999929     0.02661
          0           0           0           1
total possible nMatches: 28293
nTargetPoints: 307200
total actual nMatches: 28218
total non 0 dist nMatches: 0
Completed in 0.022242 seconds.
Enter SVD 
Number of matched points ...28218
	Start Estimating Pose 
           1   0.00014627  8.13603e-06
-0.000146165            1  0.000367969
-8.06153e-06 -0.000367701            1
Optimization iteration done.
iteration ...9
Matching points ...
Estimated pose: 
   0.999916  0.00716548  -0.0107775  0.00213224
-0.00710926     0.99996  0.00531573  0.00727524
  0.0108153 -0.00523813    0.999927   0.0265788
          0           0           0           1
total possible nMatches: 28293
nTargetPoints: 307200
total actual nMatches: 28220
total non 0 dist nMatches: 0
Completed in 0.022264 seconds.
Enter SVD 
Number of matched points ...28220
	Start Estimating Pose 
           1  0.000107855 -2.88486e-05
-0.000108033            1  0.000264376
 2.87667e-05 -0.000264347            1
Optimization iteration done.
Current camera pose: 
   0.999915 -0.00721349   0.0108459  -0.0018145
 0.00727442    0.999958 -0.00550282 -0.00695808
 -0.0108058  0.00558069    0.999926  -0.0265508
         -0          -0          -0           1
ProcessNextFrame [3 | 798]
depthIntrinsics   525     0 319.5
    0   525 239.5
    0     0     1
target.getWidth() 640
target.getHeight() 480
iteration ...0
Matching points ...
Estimated pose: 
   0.999915  0.00727348  -0.0108058  0.00157806
-0.00721442    0.999958  0.00558125  0.00709288
  0.0108459 -0.00550226    0.999926   0.0265302
          0           0           0           1
total possible nMatches: 28034
nTargetPoints: 307200
total actual nMatches: 27462
total non 0 dist nMatches: 0
Completed in 0.022824 seconds.
Enter SVD 
Number of matched points ...27462
	Start Estimating Pose 
    0.999999  0.000776798  -0.00136796
-0.000776097            1  0.000529855
  0.00136835 -0.000528932     0.999999
Optimization iteration done.
iteration ...1
Matching points ...
Estimated pose: 
   0.999894  0.00805776  -0.0121693  0.00235876
 -0.0079847    0.999949  0.00611945   0.0117233
  0.0122179 -0.00602121    0.999907   0.0356723
          0           0           0           1
total possible nMatches: 28034
nTargetPoints: 307200
total actual nMatches: 27762
total non 0 dist nMatches: 0
Completed in 0.022582 seconds.
Enter SVD 
Number of matched points ...27762
	Start Estimating Pose 
    0.999999  2.23964e-05  -0.00132655
-1.97291e-05     0.999998   0.00199607
  0.00132672  -0.00199607     0.999997
Optimization iteration done.
iteration ...2
Matching points ...
Estimated pose: 
   0.999876  0.00808814  -0.0134956  0.00316294
-0.00798003    0.999935  0.00811556   0.0123587
  0.0135604 -0.00800647    0.999875   0.0384718
          0           0           0           1
total possible nMatches: 28034
nTargetPoints: 307200
total actual nMatches: 27857
total non 0 dist nMatches: 0
Completed in 0.022377 seconds.
Enter SVD 
Number of matched points ...27857
	Start Estimating Pose 
    0.999999  3.71039e-06  -0.00102394
-1.78814e-06     0.999998   0.00188062
  0.00102397  -0.00188062     0.999997
Optimization iteration done.
iteration ...3
Matching points ...
Estimated pose: 
   0.999861  0.00810004  -0.0145193  0.00359684
 -0.0079563    0.999918  0.00999595   0.0119677
  0.0145992 -0.00987866    0.999843    0.039606
          0           0           0           1
total possible nMatches: 28034
nTargetPoints: 307200
total actual nMatches: 27878
total non 0 dist nMatches: 0
Completed in 0.022172 seconds.
Enter SVD 
Number of matched points ...27878
	Start Estimating Pose 
           1    1.131e-05  -0.00075613
-1.00732e-05     0.999999   0.00149974
  0.00075607  -0.00149965     0.999999
Optimization iteration done.
iteration ...4
Matching points ...
Estimated pose: 
    0.99985  0.00811881  -0.0152752  0.00373106
-0.00794447    0.999902   0.0114956   0.0114577
  0.0153671  -0.0113721    0.999816   0.0400336
          0           0           0           1
total possible nMatches: 28034
nTargetPoints: 307200
total actual nMatches: 27880
total non 0 dist nMatches: 0
Completed in 0.022109 seconds.
Enter SVD 
Number of matched points ...27880
	Start Estimating Pose 
           1  7.96765e-05 -0.000523023
-7.89315e-05            1   0.00122026
 0.000523008  -0.00122032     0.999999
Optimization iteration done.
iteration ...5
Matching points ...
Estimated pose: 
   0.999841  0.00820443  -0.0157973  0.00363056
-0.00800463    0.999887   0.0127168   0.0109384
  0.0158997   -0.012588    0.999793   0.0401568
          0           0           0           1
total possible nMatches: 28034
nTargetPoints: 307200
total actual nMatches: 27900
total non 0 dist nMatches: 0
Completed in 0.022104 seconds.
Enter SVD 
Number of matched points ...27900
	Start Estimating Pose 
           1  9.87947e-06 -0.000466131
-9.31323e-06     0.999999   0.00107184
 0.000466168  -0.00107181            1
Optimization iteration done.
iteration ...6
Matching points ...
Estimated pose: 
   0.999834  0.00822018  -0.0162632  0.00347786
-0.00799689    0.999873   0.0137886     0.01038
  0.0163744  -0.0136559    0.999772    0.040088
          0           0           0           1
total possible nMatches: 28034
nTargetPoints: 307200
total actual nMatches: 27903
total non 0 dist nMatches: 0
Completed in 0.022068 seconds.
Enter SVD 
Number of matched points ...27903
	Start Estimating Pose 
           1  6.67572e-05 -0.000274062
-6.65188e-05            1  0.000783771
 0.000274092 -0.000783831            1
Optimization iteration done.
iteration ...7
Matching points ...
Estimated pose: 
   0.999829  0.00829067  -0.0165362  0.00313005
-0.00805056    0.999861   0.0145732   0.0100202
  0.0166547  -0.0144373    0.999756   0.0399617
          0           0           0           1
total possible nMatches: 28034
nTargetPoints: 307200
total actual nMatches: 27898
total non 0 dist nMatches: 0
Completed in 0.022046 seconds.
Enter SVD 
Number of matched points ...27898
	Start Estimating Pose 
           1  7.12723e-05 -0.000151932
-7.10338e-05            1  0.000632733
 0.000151925 -0.000632793            1
Optimization iteration done.
iteration ...8
Matching points ...
Estimated pose: 
   0.999826  0.00836413  -0.0166871  0.00268479
-0.00811105    0.999851    0.015207  0.00974174
  0.0168117  -0.0150688    0.999744   0.0398221
          0           0           0           1
total possible nMatches: 28034
nTargetPoints: 307200
total actual nMatches: 27893
total non 0 dist nMatches: 0
Completed in 0.022037 seconds.
Enter SVD 
Number of matched points ...27893
	Start Estimating Pose 
           1   1.7941e-05 -7.94306e-05
-1.79857e-05            1  0.000581175
 7.94083e-05 -0.000581235            1
Optimization iteration done.
iteration ...9
Matching points ...
Estimated pose: 
   0.999825  0.00838326  -0.0167662  0.00218967
-0.00811926    0.999842   0.0157883  0.00943675
  0.0168958  -0.0156493    0.999734   0.0396892
          0           0           0           1
total possible nMatches: 28034
nTargetPoints: 307200
total actual nMatches: 27890
total non 0 dist nMatches: 0
Completed in 0.022033 seconds.
Enter SVD 
Number of matched points ...27890
	Start Estimating Pose 
           1 -2.85655e-05 -8.06153e-06
 2.87294e-05            1  0.000453532
 8.18819e-06 -0.000453532            1
Optimization iteration done.
Current camera pose: 
   0.999824 -0.00808243   0.0169077 -0.00224272
 0.00835526    0.999836  -0.0161028 -0.00859005
 -0.0167747   0.0162411    0.999728  -0.0396633
         -0          -0          -0           1
ProcessNextFrame [4 | 798]
depthIntrinsics   525     0 319.5
    0   525 239.5
    0     0     1
target.getWidth() 640
target.getHeight() 480
iteration ...0
Matching points ...
Estimated pose: 
   0.999825  0.00835483  -0.0167748  0.00164875
-0.00808287    0.999835   0.0162413  0.00921469
  0.0169077  -0.0161026    0.999727    0.039552
          0           0           0           1
total possible nMatches: 27908
nTargetPoints: 307200
total actual nMatches: 27466
total non 0 dist nMatches: 0
Completed in 0.022598 seconds.
Enter SVD 
Number of matched points ...27466
	Start Estimating Pose 
    0.999999  0.000738546  -0.00156229
-0.000737727            1  0.000562549
  0.00156247 -0.000561506     0.999999
Optimization iteration done.
iteration ...1
Matching points ...
Estimated pose: 
   0.999791   0.0091184  -0.0183246  0.00264675
-0.00881095     0.99982    0.016816   0.0134971
  0.0184744   -0.016651     0.99969   0.0474964
          0           0           0           1
total possible nMatches: 27908
nTargetPoints: 307200
total actual nMatches: 27593
total non 0 dist nMatches: 0
Completed in 0.022284 seconds.
Enter SVD 
Number of matched points ...27593
	Start Estimating Pose 
    0.999999    3.317e-05  -0.00124049
-3.02941e-05     0.999997   0.00226417
  0.00124037  -0.00226417     0.999997
Optimization iteration done.
iteration ...2
Matching points ...
Estimated pose: 
   0.999767  0.00917221  -0.0195641   0.0032843
-0.00879939    0.999779     0.01908   0.0134977
  0.0197344  -0.0189034    0.999626   0.0502674
          0           0           0           1
total possible nMatches: 27908
nTargetPoints: 307200
total actual nMatches: 27622
total non 0 dist nMatches: 0
Completed in 0.022039 seconds.
Enter SVD 
Number of matched points ...27622
	Start Estimating Pose 
           1 -0.000182539  -0.00101427
 0.000184819     0.999998   0.00223768
  0.00101396  -0.00223786     0.999997
Optimization iteration done.
iteration ...3
Matching points ...
Estimated pose: 
   0.999749  0.00900888  -0.0205815  0.00369992
-0.00857043    0.999736   0.0213132   0.0124898
  0.0207677  -0.0211314    0.999561   0.0515782
          0           0           0           1
total possible nMatches: 27908
nTargetPoints: 307200
total actual nMatches: 27613
total non 0 dist nMatches: 0
Completed in 0.021902 seconds.
Enter SVD 
Number of matched points ...27613
	Start Estimating Pose 
           1 -0.000123143 -0.000694931
 0.000124499     0.999999   0.00171527
 0.000694767  -0.00171521     0.999998
Optimization iteration done.
iteration ...4
Matching points ...
Estimated pose: 
   0.999735  0.00890045  -0.0212787  0.00376274
-0.00841033      0.9997   0.0230251   0.0115726
   0.021477  -0.0228399    0.999508   0.0521849
          0           0           0           1
total possible nMatches: 27908
nTargetPoints: 307200
total actual nMatches: 27604
total non 0 dist nMatches: 0
Completed in 0.0218 seconds.
Enter SVD 
Number of matched points ...27604
	Start Estimating Pose 
           1 -6.80983e-06 -0.000420488
 7.27177e-06     0.999999   0.00118551
 0.000420406  -0.00118533     0.999999
Optimization iteration done.
iteration ...5
Matching points ...
Estimated pose: 
   0.999726  0.00890325  -0.0216992  0.00351955
-0.00837759    0.999672   0.0242099    0.010967
  0.0219072  -0.0240211    0.999471    0.052405
          0           0           0           1
total possible nMatches: 27908
nTargetPoints: 307200
total actual nMatches: 27588
total non 0 dist nMatches: 0
Completed in 0.021799 seconds.
Enter SVD 
Number of matched points ...27588
	Start Estimating Pose 
           1 -1.65254e-05 -0.000265464
 1.67787e-05     0.999999  0.000955731
 0.000265308  -0.00095579            1
Optimization iteration done.
iteration ...6
Matching points ...
Estimated pose: 
    0.99972  0.00889311  -0.0219649  0.00314755
-0.00833988    0.999649   0.0251647   0.0104583
  0.0221805  -0.0249742    0.999442   0.0524204
          0           0           0           1
total possible nMatches: 27908
nTargetPoints: 307200
total actual nMatches: 27570
total non 0 dist nMatches: 0
Completed in 0.021726 seconds.
Enter SVD 
Number of matched points ...27570
	Start Estimating Pose 
           1 -2.89083e-06 -0.000141114
 2.98023e-06            1  0.000699431
 0.000141174  -0.00069949            1
Optimization iteration done.
iteration ...7
Matching points ...
Estimated pose: 
   0.999717  0.00889374   -0.022106  0.00267365
-0.00832138    0.999631   0.0258637   0.0101109
  0.0223274  -0.0256722    0.999421    0.052365
          0           0           0           1
total possible nMatches: 27908
nTargetPoints: 307200
total actual nMatches: 27560
total non 0 dist nMatches: 0
Completed in 0.021683 seconds.
Enter SVD 
Number of matched points ...27560
	Start Estimating Pose 
           1  -3.2559e-05 -6.88806e-05
 3.27379e-05            1  0.000500232
 6.87689e-05 -0.000500232            1
Optimization iteration done.
iteration ...8
Matching points ...
Estimated pose: 
   0.999716  0.00886296  -0.0221757  0.00216382
-0.00827748    0.999618   0.0263629  0.00992108
  0.0224003  -0.0261716    0.999406   0.0522475
          0           0           0           1
total possible nMatches: 27908
nTargetPoints: 307200
total actual nMatches: 27545
total non 0 dist nMatches: 0
Completed in 0.021687 seconds.
Enter SVD 
Number of matched points ...27545
	Start Estimating Pose 
           1 -2.44379e-06 -3.54275e-05
 2.25008e-06            1  0.000377297
 3.53977e-05 -0.000377327            1
Optimization iteration done.
iteration ...9
Matching points ...
Estimated pose: 
   0.999716  0.00886145  -0.0222112  0.00165176
-0.00826678    0.999608   0.0267399  0.00980568
  0.0224389  -0.0265485    0.999396   0.0521111
          0           0           0           1
total possible nMatches: 27908
nTargetPoints: 307200
total actual nMatches: 27532
total non 0 dist nMatches: 0
Completed in 0.021669 seconds.
Enter SVD 
Number of matched points ...27532
	Start Estimating Pose 
           1 -6.35087e-05 -2.34395e-05
 6.36429e-05            1  0.000284851
 2.33874e-05 -0.000284851            1
Optimization iteration done.
Current camera pose: 
   0.999713 -0.00819652   0.0224652 -0.00225112
 0.00879879    0.999601  -0.0268332 -0.00835436
 -0.0222357    0.027023    0.999387  -0.0521937
         -0          -0          -0           1
ProcessNextFrame [5 | 798]
depthIntrinsics   525     0 319.5
    0   525 239.5
    0     0     1
target.getWidth() 640
target.getHeight() 480
iteration ...0
Matching points ...
Estimated pose: 
   0.999716  0.00879859  -0.0222363   0.0011634
-0.00819676    0.999601   0.0270232  0.00974302
  0.0224646   -0.026833    0.999388   0.0519881
          0           0           0           1
total possible nMatches: 27526
nTargetPoints: 307200
total actual nMatches: 27030
total non 0 dist nMatches: 0
Completed in 0.022205 seconds.
Enter SVD 
Number of matched points ...27030
	Start Estimating Pose 
    0.999999  0.000984907 -0.000822231
-0.000984579            1  0.000352502
 0.000822634 -0.000351697            1
Optimization iteration done.
iteration ...1
Matching points ...
Estimated pose: 
   0.999688  0.00980516  -0.0230314  0.00138248
-0.00917314    0.999583   0.0273973   0.0137247
  0.0232899  -0.0271773     0.99936   0.0586022
          0           0           0           1
total possible nMatches: 27526
nTargetPoints: 307200
total actual nMatches: 27056
total non 0 dist nMatches: 0
Completed in 0.021661 seconds.
Enter SVD 
Number of matched points ...27056
	Start Estimating Pose 
           1 -0.000313282 -0.000987291
 0.000315174     0.999998   0.00191739
  0.00098677  -0.00191772     0.999998
Optimization iteration done.
iteration ...2
Matching points ...
Estimated pose: 
   0.999668  0.00951884  -0.0240266  0.00188503
-0.00881339    0.999532   0.0293062   0.0137533
  0.0242939  -0.0290845    0.999282    0.061205
          0           0           0           1
total possible nMatches: 27526
nTargetPoints: 307200
total actual nMatches: 27041
total non 0 dist nMatches: 0
Completed in 0.021365 seconds.
Enter SVD 
Number of matched points ...27041
	Start Estimating Pose 
           1 -0.000415206 -0.000697479
 0.000416428     0.999999   0.00180078
 0.000696853  -0.00180089     0.999998
Optimization iteration done.
iteration ...3
Matching points ...
Estimated pose: 
   0.999654  0.00912411  -0.0247358  0.00208715
-0.00835334    0.999482   0.0310956    0.012978
  0.0250063  -0.0308779    0.999211   0.0625313
          0           0           0           1
total possible nMatches: 27526
nTargetPoints: 307200
total actual nMatches: 27034
total non 0 dist nMatches: 0
Completed in 0.021288 seconds.
Enter SVD 
Number of matched points ...27034
	Start Estimating Pose 
           1 -0.000405341 -0.000421345
 0.000405863     0.999999   0.00152165
 0.000420868  -0.00152165     0.999999
Optimization iteration done.
iteration ...4
Matching points ...
Estimated pose: 
   0.999647  0.00873199  -0.0251694  0.00201189
-0.00790956    0.999438    0.032606   0.0120574
  0.0254397  -0.0323949    0.999152   0.0632043
          0           0           0           1
total possible nMatches: 27526
nTargetPoints: 307200
total actual nMatches: 27022
total non 0 dist nMatches: 0
Completed in 0.021267 seconds.
Enter SVD 
Number of matched points ...27022
	Start Estimating Pose 
           1 -0.000335142 -0.000309139
  0.00033547     0.999999    0.0012418
 0.000308886  -0.00124168            1
Optimization iteration done.
iteration ...5
Matching points ...
Estimated pose: 
   0.999642  0.00840705  -0.0254892  0.00182403
-0.00754261      0.9994   0.0338383   0.0112321
  0.0257583  -0.0336331    0.999104   0.0635464
          0           0           0           1
total possible nMatches: 27526
nTargetPoints: 307200
total actual nMatches: 27013
total non 0 dist nMatches: 0
Completed in 0.021241 seconds.
Enter SVD 
Number of matched points ...27013
	Start Estimating Pose 
           1 -0.000286534 -0.000221729
 0.000286847            1  0.000982434
 0.000221595 -0.000982404            1
Optimization iteration done.
iteration ...6
Matching points ...
Estimated pose: 
   0.999639  0.00812815  -0.0257204  0.00155134
-0.00723056    0.999369   0.0348125   0.0105747
  0.0259872  -0.0346131    0.999065   0.0636842
          0           0           0           1
total possible nMatches: 27526
nTargetPoints: 307200
total actual nMatches: 27002
total non 0 dist nMatches: 0
Completed in 0.021196 seconds.
Enter SVD 
Number of matched points ...27002
	Start Estimating Pose 
           1 -0.000223011 -0.000118598
 0.000222966            1  0.000770271
 0.000118464  -0.00077039            1
Optimization iteration done.
iteration ...7
Matching points ...
Estimated pose: 
   0.999637  0.00790938  -0.0258467  0.00117799
-0.00698766    0.999344   0.0355763   0.0100625
  0.0261112   -0.035382    0.999035   0.0637364
          0           0           0           1
total possible nMatches: 27526
nTargetPoints: 307200
total actual nMatches: 26989
total non 0 dist nMatches: 0
Completed in 0.021178 seconds.
Enter SVD 
Number of matched points ...26989
	Start Estimating Pose 
           1 -0.000182569 -8.16137e-05
 0.000182644            1  0.000614911
 8.13752e-05 -0.000615031            1
Optimization iteration done.
iteration ...8
Matching points ...
Estimated pose: 
   0.999637  0.00772982  -0.0259347 0.000775449
-0.00678902    0.999324   0.0361859  0.00965882
  0.0261969   -0.035996    0.999011   0.0637404
          0           0           0           1
total possible nMatches: 27526
nTargetPoints: 307200
total actual nMatches: 26983
total non 0 dist nMatches: 0
Completed in 0.021196 seconds.
Enter SVD 
Number of matched points ...26983
	Start Estimating Pose 
           1 -0.000173807 -4.37796e-05
 0.000173822            1  0.000478595
 4.37349e-05 -0.000478595            1
Optimization iteration done.
iteration ...9
Matching points ...
Estimated pose: 
   0.999637  0.00755771  -0.0259848 0.000357547
-0.00660273    0.999308   0.0366596  0.00937008
  0.0262439   -0.036474    0.998993   0.0637061
          0           0           0           1
total possible nMatches: 27526
nTargetPoints: 307200
total actual nMatches: 26973
total non 0 dist nMatches: 0
Completed in 0.021296 seconds.
Enter SVD 
Number of matched points ...26973
	Start Estimating Pose 
           1 -0.000172794 -2.43485e-05
 0.000172853            1  0.000413775
  2.4274e-05 -0.000413895            1
Optimization iteration done.
Current camera pose: 
   0.999631 -0.00641868   0.0262706 -0.00154621
 0.00738627     0.99929  -0.0368877 -0.00676821
 -0.0260153   0.0370677    0.998971  -0.0639227
         -0          -0          -0           1
ProcessNextFrame [6 | 798]
depthIntrinsics   525     0 319.5
    0   525 239.5
    0     0     1
target.getWidth() 640
target.getHeight() 480
iteration ...0
Matching points ...
Estimated pose: 
    0.999637   0.00738593   -0.0260154 -6.73411e-05
 -0.00641907     0.999294    0.0370684   0.00912302
   0.0262708   -0.0368874     0.998977    0.0636483
           0            0            0            1
total possible nMatches: 27325
nTargetPoints: 307200
total actual nMatches: 26764
total non 0 dist nMatches: 0
Completed in 0.021828 seconds.
Enter SVD 
Number of matched points ...26764
	Start Estimating Pose 
    0.999999 -0.000408188  -0.00159881
 0.000408009            1  -0.00011158
  0.00159895  0.000111133     0.999999
Optimization iteration done.
iteration ...1
Matching points ...
Estimated pose: 
   0.999597  0.00703699  -0.0276277  0.00121562
-0.00601414    0.999301   0.0369463   0.0126698
  0.0278685  -0.0367645    0.998938   0.0690832
          0           0           0           1
total possible nMatches: 27325
nTargetPoints: 307200
total actual nMatches: 26723
total non 0 dist nMatches: 0
Completed in 0.021246 seconds.
Enter SVD 
Number of matched points ...26723
	Start Estimating Pose 
    0.999999 -0.000713706 -0.000974193
 0.000714496     0.999999  0.000843465
 0.000973657 -0.000843823     0.999999
Optimization iteration done.
iteration ...2
Matching points ...
Estimated pose: 
   0.999573  0.00635959  -0.0286272  0.00177238
-0.00527643    0.999274   0.0377691   0.0132257
  0.0288468  -0.0376008    0.998879   0.0715552
          0           0           0           1
total possible nMatches: 27325
nTargetPoints: 307200
total actual nMatches: 26715
total non 0 dist nMatches: 0
Completed in 0.020995 seconds.
Enter SVD 
Number of matched points ...26715
	Start Estimating Pose 
           1 -0.000626519 -0.000674382
  0.00062713            1  0.000855833
  0.00067392 -0.000856072            1
Optimization iteration done.
iteration ...3
Matching points ...
Estimated pose: 
   0.999556  0.00575888  -0.0293245  0.00198185
-0.00462487    0.999246    0.038606   0.0130387
  0.0295249   -0.038452    0.998827   0.0729319
          0           0           0           1
total possible nMatches: 27325
nTargetPoints: 307200
total actual nMatches: 26718
total non 0 dist nMatches: 0
Completed in 0.020937 seconds.
Enter SVD 
Number of matched points ...26718
	Start Estimating Pose 
           1 -0.000544265 -0.000396267
 0.000544712            1  0.000745058
  0.00039582 -0.000745356            1
Optimization iteration done.
iteration ...4
Matching points ...
Estimated pose: 
   0.999547  0.00523027  -0.0297413  0.00190808
-0.00405841     0.99922   0.0393342   0.0126287
   0.029924  -0.0391945    0.998787   0.0737165
          0           0           0           1
total possible nMatches: 27325
nTargetPoints: 307200
total actual nMatches: 26720
total non 0 dist nMatches: 0
Completed in 0.020815 seconds.
Enter SVD 
Number of matched points ...26720
	Start Estimating Pose 
           1 -0.000421807 -0.000242382
 0.000421777            1  0.000590295
 0.000242352 -0.000590235            1
Optimization iteration done.
iteration ...5
Matching points ...
Estimated pose: 
   0.999542  0.00481829       -0.03  0.00166976
-0.00361915    0.999199   0.0399113   0.0122249
  0.0301686   -0.039783    0.998756   0.0741685
          0           0           0           1
total possible nMatches: 27325
nTargetPoints: 307200
total actual nMatches: 26717
total non 0 dist nMatches: 0
Completed in 0.020925 seconds.
Enter SVD 
Number of matched points ...26717
	Start Estimating Pose 
           1 -0.000381306 -0.000117004
 0.000381246            1  0.000503659
 0.000116915 -0.000503659            1
Optimization iteration done.
iteration ...6
Matching points ...
Estimated pose: 
   0.999539  0.00444194   -0.030132  0.00131985
-0.00322289     0.99918   0.0404029    0.011852
  0.0302873  -0.0402857    0.998732   0.0744552
          0           0           0           1
total possible nMatches: 27325
nTargetPoints: 307200
total actual nMatches: 26699
total non 0 dist nMatches: 0
Completed in 0.020924 seconds.
Enter SVD 
Number of matched points ...26699
	Start Estimating Pose 
           1  -0.00030461 -3.84599e-05
 0.000304744            1  0.000364989
 3.83556e-05 -0.000365049            1
Optimization iteration done.
iteration ...7
Matching points ...
Estimated pose: 
   0.999539  0.00413913  -0.0301827    0.000901
-0.00290723    0.999167   0.0407582   0.0115865
  0.0303268  -0.0406502    0.998716   0.0746283
          0           0           0           1
total possible nMatches: 27325
nTargetPoints: 307200
total actual nMatches: 26699
total non 0 dist nMatches: 0
Completed in 0.020863 seconds.
Enter SVD 
Number of matched points ...26699
	Start Estimating Pose 
           1 -0.000304937  1.17719e-06
 0.000305027            1  0.000344306
-1.37091e-06 -0.000344366            1
Optimization iteration done.
iteration ...8
Matching points ...
Estimated pose: 
    0.99954   0.0038344   -0.030194 0.000449819
 -0.0025919    0.999154   0.0410929   0.0113108
  0.0303265  -0.0409943    0.998702   0.0747385
          0           0           0           1
total possible nMatches: 27325
nTargetPoints: 307200
total actual nMatches: 26698
total non 0 dist nMatches: 0
Completed in 0.020898 seconds.
Enter SVD 
Number of matched points ...26698
	Start Estimating Pose 
           1 -0.000243858  9.61125e-06
 0.000243947            1   0.00028336
-9.76026e-06  -0.00028342            1
Optimization iteration done.
iteration ...9
Matching points ...
Estimated pose: 
   0.999541  0.00359036  -0.0301944 1.52734e-05
-0.00233947    0.999144   0.0413685   0.0110892
  0.0303175  -0.0412776    0.998691   0.0747907
          0           0           0           1
total possible nMatches: 27325
nTargetPoints: 307200
total actual nMatches: 26695
total non 0 dist nMatches: 0
Completed in 0.020892 seconds.
Enter SVD 
Number of matched points ...26695
	Start Estimating Pose 
           1 -0.000187084  2.18004e-05
 0.000187114            1  0.000222981
-2.18302e-05 -0.000222981            1
Optimization iteration done.
Current camera pose: 
   0.999535 -0.00214553   0.0302955 -0.00182974
 0.00340271     0.99913  -0.0415013 -0.00781341
 -0.0301806   0.0415841    0.998675   -0.075187
         -0          -0          -0           1
ProcessNextFrame [7 | 798]
depthIntrinsics   525     0 319.5
    0   525 239.5
    0     0     1
target.getWidth() 640
target.getHeight() 480
iteration ...0
Matching points ...
Estimated pose: 
    0.999542   0.00340253   -0.0301804 -0.000413683
 -0.00214569     0.999136    0.0415855    0.0109294
   0.0302962   -0.0415004     0.998683    0.0748192
           0            0            0            1
total possible nMatches: 27142
nTargetPoints: 307200
total actual nMatches: 26519
total non 0 dist nMatches: 0
Completed in 0.021765 seconds.
Enter SVD 
Number of matched points ...26519
	Start Estimating Pose 
           1  0.000673607 -0.000960894
 -0.00067389            1 -0.000363439
 0.000960357  0.000364035            1
Optimization iteration done.
iteration ...1
Matching points ...
Estimated pose: 
    0.999511   0.00411543    -0.031112 -6.67635e-05
 -0.00283028     0.999148    0.0412429    0.0147023
   0.0312553   -0.0411334     0.998669    0.0804004
           0            0            0            1
total possible nMatches: 27142
nTargetPoints: 307200
total actual nMatches: 26484
total non 0 dist nMatches: 0
Completed in 0.021136 seconds.
Enter SVD 
Number of matched points ...26484
	Start Estimating Pose 
           1 -0.000211179 -0.000843272
  0.00021176            1   0.00080049
 0.000843532 -0.000800401     0.999999
Optimization iteration done.
iteration ...2
Matching points ...
Estimated pose: 
   0.999485  0.00393912  -0.0319628 0.000261892
 -0.0025936    0.999116   0.0420357    0.015191
  0.0321007  -0.0419297    0.998609   0.0830095
          0           0           0           1
total possible nMatches: 27142
nTargetPoints: 307200
total actual nMatches: 26485
total non 0 dist nMatches: 0
Completed in 0.020801 seconds.
Enter SVD 
Number of matched points ...26485
