Initialize virtual sensor...
ProcessNextFrame [0 | 798]
ProcessNextFrame [1 | 798]
Initializing FLANN index with 222118 points.
FLANN index created.
iteration ...0
Matching points ...
Estimated pose: 
1 0 0 0
0 1 0 0
0 0 1 0
0 0 0 1
Completed in 0.12024 seconds.
Enter SVD 
Number of matched points ...27844
	Start Estimating Pose 
    0.999998   0.00142362 -0.000951722
 -0.00142442     0.999999 -0.000964761
 0.000950411  0.000966221     0.999999
Optimization iteration done.
iteration ...1
Matching points ...
Estimated pose: 
    0.999998   0.00142362 -0.000951722  0.000472397
 -0.00142442     0.999999 -0.000964761   0.00380596
 0.000950411  0.000966221     0.999999   0.00513721
           0            0            0            1
Completed in 0.115485 seconds.
Enter SVD 
Number of matched points ...27843
	Start Estimating Pose 
    0.999999  0.000595629  -0.00136676
 -0.00059595            1 -0.000279695
  0.00136656   0.00028038     0.999999
Optimization iteration done.
iteration ...2
Matching points ...
Estimated pose: 
   0.999995  0.00201793 -0.00231906  0.00136538
-0.00202063    0.999997 -0.00124389  0.00496456
 0.00231656  0.00124855    0.999997  0.00773088
          0           0           0           1
Completed in 0.111113 seconds.
Enter SVD 
Number of matched points ...27845
	Start Estimating Pose 
           1  0.000116743 -0.000972338
-0.000116624            1   0.00019604
 0.000972152 -0.000196189            1
Optimization iteration done.
iteration ...3
Matching points ...
Estimated pose: 
   0.999992  0.00213345 -0.00329154  0.00200725
 -0.0021368    0.999997 -0.00104758  0.00505488
 0.00328911  0.00105432    0.999994  0.00922683
          0           0           0           1
Completed in 0.109074 seconds.
Enter SVD 
Number of matched points ...27845
	Start Estimating Pose 
    0.999999  0.000154756  -0.00104102
-0.000154644            1  0.000229031
  0.00104125 -0.000228852            1
Optimization iteration done.
iteration ...4
Matching points ...
Estimated pose: 
   0.999988  0.00228711 -0.00433271  0.00274563
-0.00229069    0.999997 -0.00081804  0.00493712
 0.00433084 0.000827688    0.999991   0.0101669
          0           0           0           1
Completed in 0.108705 seconds.
Enter SVD 
Number of matched points ...27845
	Start Estimating Pose 
           1  9.34228e-05 -0.000666633
-9.35048e-05            1  7.31945e-05
 0.000666395 -7.31051e-05            1
Optimization iteration done.
iteration ...5
Matching points ...
Estimated pose: 
    0.999985   0.00237998  -0.00499941   0.00314346
 -0.00238388     0.999997 -0.000744441   0.00492418
  0.00499739  0.000756107     0.999988    0.0107208
           0            0            0            1
Completed in 0.107109 seconds.
Enter SVD 
Number of matched points ...27845
	Start Estimating Pose 
           1  0.000111647 -0.000450231
-0.000111699            1  4.93228e-05
  0.00045006 -4.93526e-05            1
Optimization iteration done.
iteration ...6
Matching points ...
Estimated pose: 
    0.999982   0.00249129  -0.00544972     0.003316
 -0.00249533     0.999997 -0.000694561    0.0049211
  0.00544756  0.000707826     0.999985    0.0110505
           0            0            0            1
Completed in 0.106286 seconds.
Enter SVD 
Number of matched points ...27845
	Start Estimating Pose 
           1  0.000107706 -0.000460029
-0.000107802            1   1.5676e-05
 0.000459976 -1.57654e-05            1
Optimization iteration done.
iteration ...7
Matching points ...
Estimated pose: 
    0.999979   0.00259867  -0.00590982   0.00351625
 -0.00260304     0.999997 -0.000678297   0.00493426
  0.00590757  0.000693207     0.999983    0.0112694
           0            0            0            1
Completed in 0.10593 seconds.
Enter SVD 
Number of matched points ...27845
	Start Estimating Pose 
           1  8.58754e-05 -0.000256605
-8.57487e-05            1 -2.20239e-05
  0.00025671  2.21431e-05            1
Optimization iteration done.
iteration ...8
Matching points ...
Estimated pose: 
    0.999977   0.00268436  -0.00616647   0.00350947
 -0.00268892     0.999996 -0.000699814   0.00497398
  0.00616421  0.000716017     0.999981     0.011387
           0            0            0            1
Completed in 0.107159 seconds.
Enter SVD 
Number of matched points ...27845
	Start Estimating Pose 
           1  9.12473e-05 -0.000161022
-9.10982e-05            1 -6.28829e-06
 0.000160813   6.3777e-06            1
Optimization iteration done.
iteration ...9
Matching points ...
Estimated pose: 
   0.999976  0.00277549 -0.00632756  0.00340696
-0.00278005    0.999996 -0.00070554  0.00499192
 0.00632501 0.000722826     0.99998   0.0114592
          0           0           0           1
Completed in 0.106947 seconds.
Enter SVD 
Number of matched points ...27845
	Start Estimating Pose 
           1  4.75943e-05 -7.39098e-05
-4.76316e-05            1 -1.01328e-06
 7.36713e-05  9.23872e-07            1
Optimization iteration done.
Current camera pose: 
    0.999976  -0.00282761   0.00639948  -0.00329087
  0.00282311     0.999996  0.000724336  -0.00502417
 -0.00640069 -0.000705873     0.999979   -0.0114679
           0           -0           -0            1
ProcessNextFrame [2 | 798]
Initializing FLANN index with 222118 points.
FLANN index created.
iteration ...0
Matching points ...
Estimated pose: 
    0.999975   0.00282303   -0.0064015   0.00323156
 -0.00282769     0.999996 -0.000706252   0.00500674
  0.00639867  0.000723954      0.99998    0.0114924
           0            0            0            1
Completed in 0.129712 seconds.
Enter SVD 
Number of matched points ...28237
	Start Estimating Pose 
    0.999996   0.00238571 -0.000884578
 -0.00238666     0.999997 -0.000954598
  0.00088232  0.000956774     0.999999
Optimization iteration done.
iteration ...1
Matching points ...
Estimated pose: 
   0.999959  0.00520808 -0.00728772  0.00322868
-0.00522039    0.999985 -0.00164555    0.011594
 0.00727826  0.00168321    0.999972   0.0175221
          0           0           0           1
Completed in 0.124861 seconds.
Enter SVD 
Number of matched points ...28243
	Start Estimating Pose 
    0.999999  0.000705793  -0.00147962
 -0.00070484            1  0.000607073
  0.00148013 -0.000605792     0.999999
Optimization iteration done.
iteration ...2
Matching points ...
Estimated pose: 
   0.999943  0.00591137 -0.00876845   0.0038875
-0.00592078    0.999982 -0.00103336    0.012987
 0.00876149  0.00108514    0.999961   0.0207123
          0           0           0           1
Completed in 0.120201 seconds.
Enter SVD 
Number of matched points ...28243
	Start Estimating Pose 
    0.999999  0.000331193  -0.00107469
-0.000329942     0.999999   0.00109258
  0.00107529  -0.00109205     0.999999
Optimization iteration done.
iteration ...3
Matching points ...
Estimated pose: 
    0.999931   0.00624138  -0.00984343    0.0042522
 -0.00624113      0.99998  6.20779e-05    0.0127124
  0.00984317 -5.33531e-07     0.999952    0.0226731
           0            0            0            1
Completed in 0.117571 seconds.
Enter SVD 
Number of matched points ...28245
	Start Estimating Pose 
    0.999999  0.000330433 -0.000532508
-0.000329539     0.999999    0.0012832
 0.000532784  -0.00128299     0.999999
Optimization iteration done.
iteration ...4
Matching points ...
Estimated pose: 
   0.999923   0.0065718  -0.0103759  0.00403629
-0.00655801    0.999977  0.00134846   0.0116526
  0.0103839 -0.00128017    0.999945       0.024
          0           0           0           1
Completed in 0.115989 seconds.
Enter SVD 
Number of matched points ...28253
	Start Estimating Pose 
           1  0.000208944 -0.000274532
-0.000208333     0.999999   0.00129208
  0.00027474  -0.00129178     0.999999
Optimization iteration done.
iteration ...5
Matching points ...
Estimated pose: 
   0.999919  0.00678109  -0.0106501  0.00351231
 -0.0067529    0.999973  0.00264263   0.0103937
  0.0106671 -0.00257012     0.99994     0.02494
          0           0           0           1
Completed in 0.115129 seconds.
Enter SVD 
Number of matched points ...28255
	Start Estimating Pose 
           1  0.000171334 -8.06823e-05
-0.000171155     0.999999   0.00109199
 8.08239e-05  -0.00109196     0.999999
Optimization iteration done.
iteration ...6
Matching points ...
Estimated pose: 
   0.999917  0.00695263  -0.0107303  0.00279268
-0.00691239    0.999969  0.00373637  0.00926984
  0.0107553  -0.0036615    0.999935   0.0255382
          0           0           0           1
Completed in 0.115156 seconds.
Enter SVD 
Number of matched points ...28257
	Start Estimating Pose 
           1  0.000172213 -0.000112921
-0.000172183            1  0.000786245
 0.000112951 -0.000786215            1
Optimization iteration done.
iteration ...7
Matching points ...
Estimated pose: 
  0.999914 0.00712525 -0.0108426 0.00215625
-0.0070761   0.999964 0.00452441 0.00846168
 0.0108736 -0.0044469   0.999931  0.0258826
         0          0          0          1
Completed in 0.114381 seconds.
Enter SVD 
Number of matched points ...28257
	Start Estimating Pose 
           1   0.00015673 -0.000111327
-0.000156656            1  0.000580102
 0.000111185 -0.000579983            1
Optimization iteration done.
iteration ...8
Matching points ...
Estimated pose: 
   0.999912  0.00728247  -0.0109532  0.00159049
-0.00722643    0.999961  0.00510617  0.00787822
  0.0109889 -0.00502607    0.999927   0.0260833
          0           0           0           1
Completed in 0.11403 seconds.
Enter SVD 
Number of matched points ...28257
	Start Estimating Pose 
           1  0.000169307 -0.000126712
-0.000169158            1  0.000443757
   0.0001266 -0.000443697            1
Optimization iteration done.
iteration ...9
Matching points ...
Estimated pose: 
    0.99991  0.00745241  -0.0110791  0.00112445
 -0.0073907    0.999957  0.00555175  0.00747104
  0.0111187 -0.00546883    0.999923   0.0261524
          0           0           0           1
Completed in 0.11369 seconds.
Enter SVD 
Number of matched points ...28257
	Start Estimating Pose 
           1  0.000182316 -9.46075e-05
-0.000182256            1  0.000248194
 9.48086e-05 -0.000248164            1
Optimization iteration done.
Current camera pose: 
     0.99991  -0.00757077    0.0112165 -0.000873392
  0.00763466     0.999955  -0.00571683  -0.00714293
  -0.0111716   0.00580138     0.999921   -0.0261873
          -0           -0           -0            1
ProcessNextFrame [3 | 798]
Initializing FLANN index with 222118 points.
FLANN index created.
iteration ...0
Matching points ...
Estimated pose: 
   0.999907  0.00763523  -0.0111726 0.000635266
-0.00757018    0.999954  0.00580194  0.00728793
  0.0112154 -0.00571627    0.999921   0.0261542
          0           0           0           1
Completed in 0.127784 seconds.
Enter SVD 
Number of matched points ...27925
	Start Estimating Pose 
    0.999999    0.0012542  -0.00114901
 -0.00125325     0.999999  0.000980735
   0.0011505 -0.000979155     0.999999
Optimization iteration done.
iteration ...1
Matching points ...
Estimated pose: 
   0.999884  0.00889594  -0.0123143  0.00150303
 -0.0088123    0.999938  0.00679659   0.0122383
  0.0123732 -0.00668659    0.999901   0.0331902
          0           0           0           1
Completed in 0.121653 seconds.
Enter SVD 
Number of matched points ...28002
	Start Estimating Pose 
           1  0.000103414  -0.00123408
-0.000101388     0.999999   0.00194636
  0.00123432  -0.00194618     0.999998
Optimization iteration done.
iteration ...2
Matching points ...
Estimated pose: 
   0.999867  0.00900759  -0.0135475  0.00220433
-0.00888958    0.999923    0.008744   0.0128557
  0.0136245 -0.00862166     0.99987   0.0363906
          0           0           0           1
Completed in 0.117882 seconds.
Enter SVD 
Number of matched points ...28009
	Start Estimating Pose 
           1  -0.00014092 -0.000955366
 0.000142828     0.999998   0.00191233
 0.000955038  -0.00191265     0.999998
Optimization iteration done.
iteration ...3
Matching points ...
Estimated pose: 
  0.999855 0.00887492  -0.014504  0.0025273
-0.0087207   0.999906  0.0106541  0.0122737
 0.0145963 -0.0105255   0.999838  0.0380459
         0          0          0          1
Completed in 0.116303 seconds.
Enter SVD 
Number of matched points ...28006
	Start Estimating Pose 
           1 -0.000121027 -0.000719957
 0.000122011     0.999999   0.00161791
 0.000719726  -0.00161821     0.999999
Optimization iteration done.
iteration ...4
Matching points ...
Estimated pose: 
   0.999846  0.00876148  -0.0152251  0.00255552
-0.00857508    0.999889     0.01227   0.0114268
    0.01533  -0.0121372    0.999809   0.0388413
          0           0           0           1
Completed in 0.116215 seconds.
Enter SVD 
Number of matched points ...28006
	Start Estimating Pose 
           1  -0.00019291 -0.000465401
 0.000193387     0.999999   0.00136036
 0.000465021  -0.00136039     0.999999
Optimization iteration done.
iteration ...5
Matching points ...
Estimated pose: 
    0.99984  0.00857424  -0.0156928  0.00232017
-0.00836087    0.999873   0.0136271    0.010575
  0.0158066  -0.0134933    0.999784   0.0392316
          0           0           0           1
Completed in 0.115285 seconds.
Enter SVD 
Number of matched points ...28007
	Start Estimating Pose 
           1  -0.00019151 -0.000281923
 0.000191703     0.999999   0.00115258
 0.000281736  -0.00115263     0.999999
Optimization iteration done.
iteration ...6
Matching points ...
Estimated pose: 
   0.999837  0.00838655  -0.0159773  0.00192796
-0.00815097    0.999858   0.0147764  0.00979379
   0.016098  -0.0146434    0.999764   0.0394229
          0           0           0           1
Completed in 0.114919 seconds.
Enter SVD 
Number of matched points ...28007
	Start Estimating Pose 
           1 -0.000150293 -9.76101e-05
 0.000150308            1  0.000975043
 9.72971e-05 -0.000975221            1
Optimization iteration done.
iteration ...7
Matching points ...
Estimated pose: 
   0.999837  0.00823771  -0.0160771  0.00136964
-0.00798498    0.999845   0.0157488  0.00911175
  0.0162032  -0.0156177    0.999747   0.0394832
          0           0           0           1
Completed in 0.114413 seconds.
Enter SVD 
Number of matched points ...28006
	Start Estimating Pose 
           1 -0.000160441  7.98851e-05
 0.000160396            1  0.000791579
-8.02279e-05 -0.000791639            1
Optimization iteration done.
iteration ...8
Matching points ...
Estimated pose: 
   0.999839  0.00807605  -0.0159997 0.000648744
-0.00781179    0.999834   0.0165376  0.00855503
  0.0161293  -0.0164098    0.999736   0.0394749
          0           0           0           1
Completed in 0.113854 seconds.
Enter SVD 
Number of matched points ...28007
	Start Estimating Pose 
           1 -0.000103474  0.000151619
 0.000103474            1  0.000636041
-0.000151724  -0.00063622            1
Optimization iteration done.
iteration ...9
Matching points ...
Estimated pose: 
    0.999843    0.0079701   -0.0158499 -7.74307e-05
 -0.00769807     0.999824    0.0171719   0.00810459
   0.0159826   -0.0170472     0.999727    0.0394383
           0            0            0            1
Completed in 0.113589 seconds.
Enter SVD 
Number of matched points ...28007
	Start Estimating Pose 
           1 -5.38379e-05  0.000172667
 5.39124e-05            1  0.000558257
-0.000172868 -0.000558287            1
Optimization iteration done.
Current camera pose: 
   0.999846 -0.00763507   0.0158155 0.000234258
 0.00791346    0.999813  -0.0176066 -0.00699538
 -0.0156766   0.0177291    0.999719  -0.0395204
         -0          -0          -0           1
ProcessNextFrame [4 | 798]
Initializing FLANN index with 222118 points.
FLANN index created.
iteration ...0
Matching points ...
Estimated pose: 
    0.999846   0.00791333   -0.0156782 -0.000798472
 -0.00763524     0.999815    0.0177291   0.00769653
    0.015814   -0.0176067     0.999721    0.0393825
           0            0            0            1
Completed in 0.126203 seconds.
Enter SVD 
Number of matched points ...27886
	Start Estimating Pose 
    0.999999  0.000737548  -0.00137556
-0.000736222     0.999999  0.000809401
  0.00137643  -0.00080815     0.999999
Optimization iteration done.
iteration ...1
Matching points ...
Estimated pose: 
    0.999817   0.00867495   -0.0170403 -0.000251488
 -0.00835855     0.999794    0.0185498    0.0123203
   0.0171964   -0.0184038     0.999683    0.0465953
           0            0            0            1
Completed in 0.118889 seconds.
Enter SVD 
Number of matched points ...27886
	Start Estimating Pose 
    0.999999 -0.000306979  -0.00119217
 0.000309497     0.999998   0.00206333
   0.0011914  -0.00206387     0.999997
Optimization iteration done.
iteration ...2
Matching points ...
Estimated pose: 
   0.999799  0.00838997  -0.0182377 0.000294168
-0.00801361    0.999757   0.0206072   0.0125028
  0.0184048  -0.0204569    0.999622   0.0496911
          0           0           0           1
Completed in 0.114538 seconds.
Enter SVD 
Number of matched points ...27888
	Start Estimating Pose 
           1 -0.000243708 -0.000868239
 0.000245348     0.999998   0.00182503
 0.000867777  -0.00182503     0.999998
Optimization iteration done.
iteration ...3
Matching points ...
Estimated pose: 
   0.999784  0.00816408  -0.0191107  0.00052128
-0.00773471     0.99972    0.022427    0.011825
   0.019287  -0.0222742    0.999567   0.0512286
          0           0           0           1
Completed in 0.112398 seconds.
Enter SVD 
Number of matched points ...27893
	Start Estimating Pose 
           1 -0.000207886 -0.000483304
 0.000208378     0.999999   0.00141898
 0.000483111  -0.00141892     0.999999
Optimization iteration done.
iteration ...4
Matching points ...
Estimated pose: 
   0.999777  0.00796702  -0.0195984 0.000385955
  -0.007499    0.999689   0.0238414   0.0111199
  0.0197809  -0.0236887    0.999525   0.0519413
          0           0           0           1
Completed in 0.111645 seconds.
Enter SVD 
Number of matched points ...27896
	Start Estimating Pose 
           1  -4.4778e-05 -0.000328183
 4.50909e-05            1   0.00103045
 0.000328161  -0.00103047            1
Optimization iteration done.
iteration ...5
Matching points ...
Estimated pose: 
   0.999771  0.00793003  -0.0199275 5.61267e-05
-0.00743353    0.999665   0.0248705   0.0105894
  0.0201167  -0.0247162    0.999494   0.0522456
          0           0           0           1
Completed in 0.111686 seconds.
Enter SVD 
Number of matched points ...27895
	Start Estimating Pose 
           1 -3.69996e-05 -0.000188716
 3.71337e-05            1   0.00073424
 0.000188589 -0.000734121            1
Optimization iteration done.
iteration ...6
Matching points ...
Estimated pose: 
    0.999767   0.00789771    -0.020117 -0.000347426
 -0.00738163     0.999647    0.0256036    0.0102234
   0.0203107   -0.0254486     0.999471    0.0523455
           0            0            0            1
Completed in 0.11104 seconds.
Enter SVD 
Number of matched points ...27894
	Start Estimating Pose 
           1 -1.21295e-05 -0.000141129
 1.20997e-05            1  0.000476897
  0.00014098 -0.000476986            1
Optimization iteration done.
iteration ...7
Matching points ...
Estimated pose: 
    0.999765   0.00788917   -0.0202584 -0.000772557
 -0.00735985     0.999635      0.02608    0.0100288
   0.0204552   -0.0259243     0.999456      0.05236
           0            0            0            1
Completed in 0.110983 seconds.
Enter SVD 
Number of matched points ...27895
	Start Estimating Pose 
           1 -1.37091e-06 -6.52969e-05
 1.37091e-06            1  0.000344723
 6.52969e-05 -0.000344604            1
Optimization iteration done.
iteration ...8
Matching points ...
Estimated pose: 
   0.999764   0.0078895  -0.0203237 -0.00123742
-0.00735143    0.999626   0.0264245  0.00991112
   0.020523  -0.0262683    0.999446   0.0523146
          0           0           0           1
Completed in 0.110634 seconds.
Enter SVD 
Number of matched points ...27894
	Start Estimating Pose 
           1  2.45124e-05 -0.000104554
-2.42144e-05            1  0.000292331
 0.000104338 -0.000292212            1
Optimization iteration done.
iteration ...9
Matching points ...
Estimated pose: 
   0.999761  0.00791675  -0.0204276 -0.00160987
-0.00736964    0.999618   0.0267171  0.00979327
  0.0206295  -0.0265596    0.999436   0.0522636
          0           0           0           1
Completed in 0.110834 seconds.
Enter SVD 
Number of matched points ...27894
	Start Estimating Pose 
           1  2.36481e-05 -2.06977e-05
-2.34842e-05            1  0.000205666
 2.07499e-05 -0.000205398            1
Optimization iteration done.
Current camera pose: 
   0.999758  -0.0073891   0.0206534  0.00103527
 0.00794063    0.999608  -0.0267655 -0.00832978
 -0.0204459   0.0269222    0.999426  -0.0524572
         -0          -0          -0           1
ProcessNextFrame [5 | 798]
Initializing FLANN index with 222118 points.
FLANN index created.
iteration ...0
Matching points ...
Estimated pose: 
   0.999761  0.00794094  -0.0204476  -0.0020415
-0.00738888    0.999613   0.0269232  0.00974652
  0.0206517  -0.0267647    0.999431    0.052183
          0           0           0           1
Completed in 0.121873 seconds.
Enter SVD 
Number of matched points ...27506
	Start Estimating Pose 
           1    0.0006174  0.000182673
-0.000617802     0.999998    0.0020431
-0.000181496  -0.00204316     0.999998
Optimization iteration done.
iteration ...1
Matching points ...
Estimated pose: 
    0.99976  0.00855321  -0.0202484 -0.00311634
-0.00796432    0.999551   0.0289777   0.0121567
  0.0204854  -0.0288085    0.999377   0.0580496
          0           0           0           1
Completed in 0.115755 seconds.
Enter SVD 
Number of matched points ...27524
	Start Estimating Pose 
           1 -0.000369191 -0.000405237
 0.000370294     0.999996     0.002736
 0.000404269  -0.00273624     0.999997
Optimization iteration done.
iteration ...2
Matching points ...
Estimated pose: 
   0.999755  0.00819586  -0.0206641 -0.00329433
-0.00753804    0.999472   0.0317044   0.0113026
  0.0209112    -0.03154    0.999287   0.0609833
          0           0           0           1
Completed in 0.112396 seconds.
Enter SVD 
Number of matched points ...27526
	Start Estimating Pose 
           1 -0.000443652 -0.000444114
 0.000444591     0.999998   0.00231186
 0.000442997  -0.00231215     0.999997
Optimization iteration done.
iteration ...3
Matching points ...
Estimated pose: 
   0.999749  0.00776645   -0.021122 -0.00328048
 -0.0070452      0.9994   0.0340053  0.00989006
  0.0213715  -0.0338472    0.999202   0.0625235
          0           0           0           1
Completed in 0.111338 seconds.
Enter SVD 
Number of matched points ...27526
	Start Estimating Pose 
           1 -0.000446618 -0.000338197
 0.000447109     0.999998   0.00166327
 0.000337332  -0.00166351     0.999999
Optimization iteration done.
iteration ...4
Matching points ...
Estimated pose: 
   0.999745  0.00733154  -0.0214751 -0.00338689
-0.00656264    0.999346   0.0356578  0.00875713
  0.0217204   -0.035507    0.999136   0.0633818
          0           0           0           1
Completed in 0.110912 seconds.
Enter SVD 
Number of matched points ...27526
	Start Estimating Pose 
           1 -0.000441536   -0.0003784
 0.000442222     0.999999   0.00116825
 0.000377759  -0.00116834     0.999999
Optimization iteration done.
iteration ...5
Matching points ...
Estimated pose: 
   0.999739  0.00690373  -0.0218689 -0.00346631
-0.00609516    0.999307   0.0368155  0.00799263
  0.0221058  -0.0366718    0.999086   0.0638252
          0           0           0           1
Completed in 0.111241 seconds.
Enter SVD 
Number of matched points ...27526
	Start Estimating Pose 
           1 -0.000318736 -0.000256389
 0.000319004            1  0.000840157
 0.000256151 -0.000840068            1
Optimization iteration done.
iteration ...6
Matching points ...
Estimated pose: 
   0.999736  0.00659462  -0.0221368 -0.00370122
-0.00575766    0.999278   0.0376479  0.00744598
   0.022367  -0.0375095    0.999049   0.0640494
          0           0           0           1
Completed in 0.110932 seconds.
Enter SVD 
Number of matched points ...27526
	Start Estimating Pose 
           1 -0.000224411 -0.000228703
 0.000224635            1  0.000682771
 0.000228778 -0.000682622            1
Optimization iteration done.
iteration ...7
Matching points ...
Estimated pose: 
   0.999732  0.00637895  -0.0223737 -0.00396092
-0.00551781    0.999254   0.0383251  0.00697811
  0.0225996  -0.0381901    0.999018   0.0641649
          0           0           0           1
Completed in 0.110696 seconds.
Enter SVD 
Number of matched points ...27526
	Start Estimating Pose 
           1 -0.000224367 -0.000269651
 0.000224501            1    0.0005804
 0.000269562 -0.000580609            1
Optimization iteration done.
iteration ...8
Matching points ...
Estimated pose: 
   0.999727  0.00616505  -0.0226517 -0.00412641
-0.00528026    0.999233   0.0388999   0.0065739
  0.0228723  -0.0387686     0.99899   0.0642202
          0           0           0           1
Completed in 0.110826 seconds.
Enter SVD 
Number of matched points ...27526
	Start Estimating Pose 
           1 -0.000168607 -0.000144571
 0.000168666            1  0.000409007
 0.000144407 -0.000409126            1
Optimization iteration done.
iteration ...9
Matching points ...
Estimated pose: 
   0.999725  0.00600218  -0.0228027 -0.00440254
-0.00510228    0.999218   0.0393046  0.00631686
  0.0230188  -0.0391765    0.998971   0.0642289
          0           0           0           1
Completed in 0.110388 seconds.
Enter SVD 
Number of matched points ...27526
	Start Estimating Pose 
           1 -0.000136495 -0.000138193
 0.000136584            1  0.000325203
 0.000138372 -0.000325352            1
Optimization iteration done.
Current camera pose: 
   0.999716 -0.00495862   0.0231603  0.00319162
  0.0058707    0.999198  -0.0395012 -0.00355737
 -0.0229443   0.0396253    0.998946  -0.0645054
         -0          -0          -0           1
ProcessNextFrame [6 | 798]
Initializing FLANN index with 222118 points.
FLANN index created.
iteration ...0
Matching points ...
Estimated pose: 
   0.999723   0.0058712  -0.0229461    -0.00465
-0.00495825    0.999206   0.0396264  0.00612649
  0.0231588  -0.0395008    0.998956   0.0642236
          0           0           0           1
Completed in 0.120681 seconds.
Enter SVD 
Number of matched points ...27294
	Start Estimating Pose 
    0.999999  0.000425041  -0.00167701
-0.000427231            1   -0.0012677
  0.00167637   0.00126836     0.999998
Optimization iteration done.
iteration ...1
Matching points ...
Estimated pose: 
   0.999681  0.00636214  -0.0246045 -0.00300304
-0.00541472    0.999253   0.0383698  0.00986124
  0.0248284  -0.0382235    0.998966   0.0698284
          0           0           0           1
Completed in 0.114969 seconds.
Enter SVD 
Number of matched points ...27304
	Start Estimating Pose 
    0.999999  -0.00095959  -0.00126782
 0.000959992            1  0.000408828
  0.00126769 -0.000409961     0.999999
Optimization iteration done.
iteration ...2
Matching points ...
Estimated pose: 
   0.999653  0.00545172  -0.0259078 -0.00233569
-0.00444488    0.999243   0.0387546   0.0106946
  0.0260979  -0.0386251    0.998918   0.0723877
          0           0           0           1
Completed in 0.112723 seconds.
Enter SVD 
Number of matched points ...27304
	Start Estimating Pose 
           1 -0.000691324 -0.000895217
 0.000691801            1  0.000550777
 0.000894606 -0.000551552            1
Optimization iteration done.
iteration ...3
Matching points ...
Estimated pose: 
   0.999632   0.0047955  -0.0268289 -0.00193636
-0.00373894    0.999226   0.0392868   0.0107925
  0.0269946  -0.0391713    0.998873   0.0736728
          0           0           0           1
Completed in 0.112059 seconds.
Enter SVD 
Number of matched points ...27307
	Start Estimating Pose 
           1 -0.000459492 -0.000628203
 0.000459835            1   0.00048995
 0.000628069 -0.000490367            1
Optimization iteration done.
iteration ...4
Matching points ...
Estimated pose: 
   0.999617  0.00436097  -0.0274744  -0.0016574
-0.00326605    0.999209   0.0397639   0.0106765
  0.0276243  -0.0396583    0.998836   0.0743785
          0           0           0           1
Completed in 0.111928 seconds.
Enter SVD 
Number of matched points ...27308
	Start Estimating Pose 
           1 -0.000358015 -0.000473216
 0.000358418            1  0.000462145
 0.000472948 -0.000462443            1
Optimization iteration done.
iteration ...5
Matching points ...
Estimated pose: 
   0.999605    0.004022  -0.0279613 -0.00152689
  -0.002895    0.999192   0.0402156     0.01046
  0.0280986  -0.0401183    0.998805   0.0747927
          0           0           0           1
Completed in 0.112104 seconds.
Enter SVD 
Number of matched points ...27308
	Start Estimating Pose 
           1 -0.000300094  -0.00032565
 0.000300214            1  0.000362784
 0.000325248 -0.000363022            1
Optimization iteration done.
iteration ...6
Matching points ...
Estimated pose: 
   0.999597  0.00373521  -0.0282986 -0.00151484
-0.00258472    0.999179   0.0405696   0.0102866
  0.0284247  -0.0404797    0.998782   0.0750344
          0           0           0           1
Completed in 0.111573 seconds.
Enter SVD 
Number of matched points ...27308
	Start Estimating Pose 
           1 -0.000226706  -0.00019446
 0.000226736            1  0.000276238
 0.000194386 -0.000276446            1
Optimization iteration done.
iteration ...7
Matching points ...
Estimated pose: 
   0.999591  0.00351656   -0.028502  -0.0016434
-0.00235022    0.999168   0.0408391   0.0101473
  0.0286198  -0.0407552    0.998765   0.0751635
          0           0           0           1
Completed in 0.111361 seconds.
Enter SVD 
Number of matched points ...27308
	Start Estimating Pose 
           1 -0.000186771 -0.000129268
 0.000186816            1   0.00020352
 0.000129342 -0.000203431            1
Optimization iteration done.
iteration ...8
Matching points ...
Estimated pose: 
   0.999588  0.00333522  -0.0286388 -0.00184549
-0.00215766    0.999161    0.041037   0.0100454
  0.0287495   -0.040958    0.998753   0.0752337
          0           0           0           1
Completed in 0.111336 seconds.
Enter SVD 
Number of matched points ...27310
	Start Estimating Pose 
           1 -0.000158966 -8.69334e-05
 0.000158936            1  0.000148177
  8.6844e-05 -0.000148326            1
Optimization iteration done.
iteration ...9
Matching points ...
Estimated pose: 
   0.999586  0.00317995  -0.0287321  -0.0020791
-0.00199453    0.999156   0.0411805  0.00998444
  0.0288367   -0.041106    0.998745   0.0752621
          0           0           0           1
Completed in 0.111277 seconds.
Enter SVD 
Number of matched points ...27310
	Start Estimating Pose 
           1 -0.000121146 -3.61055e-05
 0.000121012            1  0.000110865
 3.61204e-05 -0.000110894            1
Optimization iteration done.
Current camera pose: 
   0.999577 -0.00187056   0.0288747 0.000189401
 0.00306006    0.999139  -0.0412162 -0.00683687
 -0.0287709   0.0412872    0.998727  -0.0756444
         -0          -0          -0           1
ProcessNextFrame [7 | 798]
Initializing FLANN index with 222118 points.
FLANN index created.
iteration ...0
Matching points ...
Estimated pose: 
   0.999586  0.00306039  -0.0287732 -0.00234493
-0.00187037    0.999152   0.0412878  0.00995461
   0.028873  -0.0412166    0.998739   0.0752618
          0           0           0           1
Completed in 0.11936 seconds.
Enter SVD 
Number of matched points ...27134
	Start Estimating Pose 
    0.999999   0.00168033 -0.000278652
 -0.00168023     0.999998 -0.000673831
 0.000277638  0.000674218            1
Optimization iteration done.
iteration ...1
Matching points ...
Estimated pose: 
   0.999573  0.00475077  -0.0289821 -0.00311864
-0.00356935    0.999173   0.0406631   0.0135518
  0.0291493  -0.0405421    0.998759   0.0813066
          0           0           0           1
Completed in 0.111831 seconds.
Enter SVD 
Number of matched points ...27122
	Start Estimating Pose 
           1  0.000574067 -0.000828534
-0.000573799            1  0.000700474
 0.000828922 -0.000700027            1
Optimization iteration done.
iteration ...2
Matching points ...
Estimated pose: 
   0.999547  0.00535795  -0.0297862 -0.00222413
-0.00412248    0.999142   0.0413793   0.0141024
  0.0299803  -0.0412376    0.998706   0.0839735
          0           0           0           1
Completed in 0.109487 seconds.
Enter SVD 
Number of matched points ...27134
	Start Estimating Pose 
           1  0.000318483 -0.000699669
-0.000317886            1  0.000756323
 0.000699997 -0.000756174            1
Optimization iteration done.
iteration ...3
Matching points ...
Estimated pose: 
   0.999525  0.00570502  -0.0304718 -0.00137373
-0.00441755    0.999108   0.0421441   0.0139346
  0.0306831  -0.0419894    0.998653   0.0854635
          0           0           0           1
Completed in 0.109409 seconds.
Enter SVD 
Number of matched points ...27131
	Start Estimating Pose 
           1 -9.26107e-05 -0.000414744
 9.28491e-05            1  0.000791878
 0.000414819 -0.000791997            1
Optimization iteration done.
iteration ...4
Matching points ...
Estimated pose: 
    0.999512    0.0056299   -0.0308899 -0.000989448
 -0.00430045     0.999076    0.0429321    0.0134542
   0.0311012   -0.0427783     0.998607    0.0863131
           0            0            0            1
Completed in 0.109363 seconds.
Enter SVD 
Number of matched points ...27135
	Start Estimating Pose 
           1 -0.000128493 -0.000255167
 0.000128731            1  0.000743628
 0.000255078 -0.000743657            1
Optimization iteration done.
iteration ...5
Matching points ...
Estimated pose: 
   0.999505  0.00551244  -0.0311502  -0.0008385
-0.00414865    0.999044   0.0436707   0.0128713
  0.0313594  -0.0435198    0.998567   0.0868521
          0           0           0           1
Completed in 0.109585 seconds.
Enter SVD 
Number of matched points ...27136
	Start Estimating Pose 
           1 -0.000202805 -0.000160396
  0.00020282            1  0.000551939
 0.000160277 -0.000551969            1
Optimization iteration done.
iteration ...6
Matching points ...
Estimated pose: 
    0.999501   0.00531681   -0.0313192 -0.000843403
 -0.00392862     0.999021    0.0442155    0.0124338
   0.0315218   -0.0440704     0.998538    0.0871622
           0            0            0            1
Completed in 0.109517 seconds.
Enter SVD 
Number of matched points ...27136
	Start Estimating Pose 
           1  -0.00016053 -8.47876e-05
 0.000160769            1  0.000324696
 8.48919e-05 -0.000324577            1
Optimization iteration done.
iteration ...7
Matching points ...
Estimated pose: 
    0.999499   0.00516018    -0.031411 -0.000908728
  -0.0037577     0.999008    0.0445347    0.0121942
    0.031608   -0.0443942     0.998521    0.0873286
           0            0            0            1
Completed in 0.109698 seconds.
Enter SVD 
Number of matched points ...27136
	Start Estimating Pose 
           1 -0.000176713 -5.78612e-05
 0.000176787            1  0.000286847
 5.79357e-05 -0.000286758            1
Optimization iteration done.
iteration ...8
Matching points ...
Estimated pose: 
    0.999498   0.00498621   -0.0314767 -0.000993825
 -0.00357193     0.998996    0.0448156    0.0119705
    0.031667   -0.0446804     0.998507    0.0874375
           0            0            0            1
Completed in 0.109594 seconds.
Enter SVD 
Number of matched points ...27136
	Start Estimating Pose 
           1 -0.000180393 -1.17719e-05
 0.000180215            1  0.000241965
  1.1757e-05 -0.000242114            1
Optimization iteration done.
iteration ...9
Matching points ...
Estimated pose: 
   0.999498  0.00480652  -0.0314965 -0.00112798
-0.00338415    0.998986   0.0450515    0.011787
  0.0316796  -0.0449222    0.998495   0.0874999
          0           0           0           1
Completed in 0.109671 seconds.
Enter SVD 
Number of matched points ...27135
	Start Estimating Pose 
           1 -0.000133321 -2.85059e-05
 0.000133321            1  0.000178218
 2.86698e-05 -0.000178158            1
Optimization iteration done.
Current camera pose: 
   0.999486 -0.00324543   0.0317095 -0.00149341
 0.00467428    0.998964  -0.0450993 -0.00769355
 -0.0315294   0.0452247    0.998472  -0.0879677
         -0          -0          -0           1
ProcessNextFrame [8 | 798]
Initializing FLANN index with 222118 points.
FLANN index created.
iteration ...0
Matching points ...
Estimated pose: 
   0.999498  0.00467462   -0.031531 -0.00124509
-0.00324525    0.998979   0.0452253   0.0116592
  0.0317088     -0.0451    0.998487   0.0875349
          0           0           0           1
Completed in 0.122068 seconds.
Enter SVD 
Number of matched points ...27562
	Start Estimating Pose 
           1  0.000752106 -0.000471927
-0.000752404     0.999999 -0.000787675
 0.000471413  0.000787944            1
Optimization iteration done.
iteration ...1
Matching points ...
Estimated pose: 
    0.99948  0.00544724  -0.0319682 -0.00160717
-0.00402225     0.99901   0.0444625   0.0162837
  0.0321774  -0.0443107    0.998507   0.0927979
          0           0           0           1
Completed in 0.115658 seconds.
Enter SVD 
Number of matched points ...27562
	Start Estimating Pose 
           1 -0.000379294 -0.000645675
 0.000379562            1  0.000623614
 0.000645414 -0.000623882            1
Optimization iteration done.
iteration ...2
Matching points ...
Estimated pose: 
   0.999461  0.00509693  -0.0326297 -0.00174376
-0.00362282    0.998985    0.045073    0.017096
   0.032825  -0.0449304    0.998458   0.0955102
          0           0           0           1
Completed in 0.11308 seconds.
Enter SVD 
Number of matched points ...27562
	Start Estimating Pose 
           1  -0.00041683 -0.000410452
 0.000417069            1  0.000752717
 0.000409946 -0.000752866            1
Optimization iteration done.
iteration ...3
Matching points ...
Estimated pose: 
   0.999449  0.00469896  -0.0330583 -0.00214466
-0.00318127    0.998953    0.045811   0.0169602
  0.0332375  -0.0456804    0.998411   0.0970034
          0           0           0           1
Completed in 0.111691 seconds.
Enter SVD 
Number of matched points ...27561
	Start Estimating Pose 
           1 -0.000420913 -0.000162795
 0.000421092            1  0.000735939
   0.0001624 -0.000736028            1
Optimization iteration done.
iteration ...4
Matching points ...
Estimated pose: 
   0.999445  0.00428593  -0.0332402 -0.00280992
-0.00273594    0.998921   0.0465318   0.0164374
  0.0334021  -0.0464149    0.998372   0.0979186
          0           0           0           1
Completed in 0.111294 seconds.
Enter SVD 
Number of matched points ...27561
	Start Estimating Pose 
           1 -0.000341445 -0.000114024
  0.00034143            1  0.000525683
 0.000113763 -0.000525862            1
Optimization iteration done.
iteration ...5
Matching points ...
Estimated pose: 
   0.999442  0.00395014  -0.0333699 -0.00348266
-0.00237714    0.998898   0.0470452   0.0160194
  0.0335173  -0.0469397    0.998343   0.0984802
          0           0           0           1
Completed in 0.111324 seconds.
Enter SVD 
Number of matched points ...27561
	Start Estimating Pose 
           1 -0.000273839 -1.26734e-05
 0.000273868            1  0.000391394
 1.23307e-05 -0.000391543            1
Optimization iteration done.
iteration ...6
Matching points ...
Estimated pose: 
   0.999442   0.0036772  -0.0333954 -0.00425109
-0.00209031    0.998881   0.0474269   0.0156748
  0.0335305  -0.0473308    0.998324    0.098818
          0           0           0           1
Completed in 0.111215 seconds.
Enter SVD 
Number of matched points ...27561
	Start Estimating Pose 
