Initializing FLANN index with 1054 points.
FLANN index created.
iteration ...0
Matching points ...
Estimated pose: 
1 0 0 0
0 1 0 0
0 0 1 0
0 0 0 1
Completed in 0.000493 seconds.
Enter SVD 
Number of matched points ...30
	Start Estimating Pose 
   0.985378    0.007302   -0.170224
-0.00806435     0.99996 -0.00378738
    0.17019  0.00510474    0.985398
Optimization iteration done.
iteration ...1
Matching points ...
Estimated pose: 
   0.985378    0.007302   -0.170224  0.00756556
-0.00806435     0.99996 -0.00378738 6.53043e-05
    0.17019  0.00510474    0.985398 3.06256e-05
          0           0           0           1
Completed in 0.000437 seconds.
Enter SVD 
Number of matched points ...36
	Start Estimating Pose 
   0.994772  0.00399129   -0.102042
-0.00371969    0.999989  0.00285156
   0.102052 -0.00245707    0.994776
Optimization iteration done.
iteration ...2
Matching points ...
Estimated pose: 
    0.962828    0.0107341    -0.269901    0.0137837
  -0.0112443     0.999937 -0.000344231  -0.00110311
     0.26988   0.00336628     0.962888   0.00103017
           0            0            0            1
Completed in 0.000758 seconds.
Enter SVD 
Number of matched points ...69
	Start Estimating Pose 
   0.999136  0.00301277  -0.0414606
-0.00316863    0.999988 -0.00369214
   0.041449  0.00382032    0.999134
Optimization iteration done.
iteration ...3
Matching points ...
Estimated pose: 
    0.950773    0.0135978    -0.309591    0.0170347
  -0.0152914     0.999879  -0.00304413 -0.000829021
    0.309512   0.00762835     0.950865   0.00196273
           0            0            0            1
Completed in 0.000749 seconds.
Enter SVD 
Number of matched points ...70
	Start Estimating Pose 
   0.999864  0.00504704   -0.015718
-0.00507405    0.999986 -0.00168115
  0.0157092  0.00176067    0.999875
Optimization iteration done.
iteration ...4
Matching points ...
Estimated pose: 
    0.945701    0.0185225     -0.32451    0.0186693
  -0.0206358     0.999782  -0.00307175 -0.000740727
    0.324382   0.00960147     0.945878   0.00240963
           0            0            0            1
Completed in 0.000742 seconds.
Enter SVD 
Number of matched points ...71
	Start Estimating Pose 
    0.999954  -0.00112802  -0.00947008
  0.00112348     0.999999 -0.000457574
  0.00947058  0.000446904     0.999955
Optimization iteration done.
iteration ...5
Matching points ...
Estimated pose: 
    0.942609    0.0173029    -0.333449    0.0203356
  -0.0197217     0.999798  -0.00386914 -0.000584546
    0.333315    0.0102233     0.942761   0.00249274
           0            0            0            1
Completed in 0.005363 seconds.
Enter SVD 
Number of matched points ...650
	Start Estimating Pose 
   0.999672  0.00870114   0.0240879
-0.00885553    0.999941  0.00630887
 -0.0240316 -0.00652011     0.99969
Optimization iteration done.
iteration ...6
Matching points ...
Estimated pose: 
   0.950158   0.0262429   -0.310664   0.0203484
  -0.025965    0.999651  0.00503171 -0.00071566
   0.310688  0.00328549    0.950507  0.00300585
          0           0           0           1
Completed in 0.005296 seconds.
Enter SVD 
Number of matched points ...659
	Start Estimating Pose 
   0.999753  0.00602709   0.0214183
-0.00611486    0.999973  0.00403671
 -0.0213934 -0.00416662    0.999762
Optimization iteration done.
iteration ...7
Matching points ...
Estimated pose: 
    0.956421    0.0323317    -0.290199     0.020493
  -0.0305203     0.999477    0.0107682 -0.000741351
    0.290395  -0.00144188     0.956906    0.0034096
           0            0            0            1
Completed in 0.004207 seconds.
Enter SVD 
Number of matched points ...668
	Start Estimating Pose 
   0.999627   0.0109474   0.0250219
  -0.011011    0.999936  0.00241518
 -0.0249938 -0.00268985    0.999684
Optimization iteration done.
iteration ...8
Matching points ...
Estimated pose: 
    0.962996    0.0432252    -0.266029    0.0200767
  -0.0403481     0.999054     0.016274 -0.000740877
    0.266481  -0.00493796     0.963828   0.00371784
           0            0            0            1
Completed in 0.003571 seconds.
Enter SVD 
Number of matched points ...684
	Start Estimating Pose 
     0.99952    0.0112898     0.028865
  -0.0112784     0.999936 -0.000565127
  -0.0288695  0.000239283     0.999584
Optimization iteration done.
iteration ...9
Matching points ...
Estimated pose: 
     0.96977    0.0543411    -0.237897    0.0196288
  -0.0513572     0.998505    0.0187286 -0.000704512
    0.238559  -0.00594474     0.971111   0.00378586
           0            0            0            1
Completed in 0.003213 seconds.
Enter SVD 
Number of matched points ...696
	Start Estimating Pose 
   0.999566   0.0103865   0.0275549
 -0.0103125    0.999943 -0.00282265
 -0.0275826  0.00253727    0.999616
Optimization iteration done.
Estimated pose: 
    0.975389    0.0645247     -0.21084    0.0194549
  -0.0620284     0.997905    0.0184398 -0.000585009
    0.211588  -0.00490786     0.977347   0.00370882
           0            0            0            1
Resulting mesh written.
Completed in 0.051033 seconds.
