Initialize virtual sensor...
ProcessNextFrame [0 | 798]
ProcessNextFrame [1 | 798]
depthIntrinsics   525     0 319.5
    0   525 239.5
    0     0     1
target.getWidth() 640
target.getHeight() 480
iteration ...0
Matching points ...
Estimated pose: 
1 0 0 0
0 1 0 0
0 0 1 0
0 0 0 1
total possible nMatches: 1741
nTargetPoints: 307200
total actual nMatches: 1737
total non 0 dist nMatches: 0
Completed in 0.003111 seconds.
Enter SVD 
Number of matched points ...1737
	Start Estimating Pose 
   0.999998  0.00137539  -0.0015776
-0.00137638    0.999999  -0.0006181
 0.00157651 0.000620097    0.999999
Optimization iteration done.
iteration ...1
Matching points ...
Estimated pose: 
   0.999998  0.00137539  -0.0015776  0.00118217
-0.00137638    0.999999  -0.0006181  0.00334078
 0.00157651 0.000620097    0.999999  0.00564349
          0           0           0           1
total possible nMatches: 1741
nTargetPoints: 307200
total actual nMatches: 1738
total non 0 dist nMatches: 0
Completed in 0.003145 seconds.
Enter SVD 
Number of matched points ...1738
	Start Estimating Pose 
    0.999998  0.000535756  -0.00181283
-0.000536084            1 -0.000133991
  0.00181284  0.000134975     0.999998
Optimization iteration done.
iteration ...2
Matching points ...
Estimated pose: 
    0.999993   0.00191002  -0.00339076     0.002743
 -0.00191267     0.999998 -0.000751246   0.00438598
  0.00338916  0.000757564     0.999994   0.00835892
           0            0            0            1
total possible nMatches: 3481
nTargetPoints: 307200
total actual nMatches: 3467
total non 0 dist nMatches: 0
Completed in 0.006068 seconds.
Enter SVD 
Number of matched points ...3467
	Start Estimating Pose 
    0.999999  0.000104234     -0.00161
-0.000103593            1  0.000462562
  0.00161014 -0.000462472     0.999998
Optimization iteration done.
iteration ...3
Matching points ...
Estimated pose: 
    0.999986   0.00201303  -0.00500082   0.00425437
 -0.00201469     0.999998 -0.000288335   0.00419703
  0.00500016  0.000298166     0.999987   0.00989194
           0            0            0            1
total possible nMatches: 3481
nTargetPoints: 307200
total actual nMatches: 3466
total non 0 dist nMatches: 0
Completed in 0.006052 seconds.
Enter SVD 
Number of matched points ...3466
	Start Estimating Pose 
           1  4.72516e-05 -0.000989087
-4.74527e-05            1  4.89652e-05
 0.000989161 -4.88162e-05            1
Optimization iteration done.
iteration ...4
Matching points ...
Estimated pose: 
     0.99998   0.00205999  -0.00598991   0.00504821
  -0.0020619     0.999998 -0.000239133   0.00439552
  0.00598941  0.000251341     0.999982    0.0107166
           0            0            0            1
total possible nMatches: 3481
nTargetPoints: 307200
total actual nMatches: 3466
total non 0 dist nMatches: 0
Completed in 0.006085 seconds.
Enter SVD 
Number of matched points ...3466
	Start Estimating Pose 
           1  0.000157297 -0.000794478
-0.000157423            1 -6.52373e-05
 0.000794679  6.55353e-05     0.999999
Optimization iteration done.
iteration ...5
Matching points ...
Estimated pose: 
    0.999975   0.00221708  -0.00678441   0.00562293
 -0.00221971     0.999998 -0.000303426   0.00461718
  0.00678393  0.000318513     0.999976    0.0111835
           0            0            0            1
total possible nMatches: 27845
nTargetPoints: 307200
total actual nMatches: 27773
total non 0 dist nMatches: 0
Completed in 0.044735 seconds.
Enter SVD 
Number of matched points ...27773
	Start Estimating Pose 
           1  0.000328764 -6.19963e-05
-0.000328869            1 -0.000283301
  6.1959e-05  0.000283569            1
Optimization iteration done.
iteration ...6
Matching points ...
Estimated pose: 
    0.999973   0.00254583   -0.0068465   0.00533667
 -0.00255049     0.999997 -0.000584489   0.00503557
  0.00684526  0.000602219     0.999976    0.0113827
           0            0            0            1
total possible nMatches: 27845
nTargetPoints: 307200
total actual nMatches: 27775
total non 0 dist nMatches: 0
Completed in 0.044716 seconds.
Enter SVD 
Number of matched points ...27775
	Start Estimating Pose 
           1  0.000193126 -4.52176e-05
-0.000193164            1 -0.000163198
 4.51878e-05  0.000163376            1
Optimization iteration done.
iteration ...7
Matching points ...
Estimated pose: 
    0.999973   0.00273893  -0.00689183   0.00507821
 -0.00274477     0.999997 -0.000746361   0.00525272
  0.00689003   0.00076571     0.999975    0.0114944
           0            0            0            1
total possible nMatches: 27845
nTargetPoints: 307200
total actual nMatches: 27775
total non 0 dist nMatches: 0
Completed in 0.044731 seconds.
Enter SVD 
Number of matched points ...27775
	Start Estimating Pose 
           1  0.000105657 -1.26064e-05
-0.000105403            1 -8.51154e-05
 1.26436e-05  8.52048e-05            1
Optimization iteration done.
iteration ...8
Matching points ...
Estimated pose: 
    0.999972   0.00284457  -0.00690451   0.00481191
 -0.00285076     0.999996 -0.000830747   0.00535918
  0.00690244  0.000850949     0.999975     0.011559
           0            0            0            1
total possible nMatches: 27845
nTargetPoints: 307200
total actual nMatches: 27775
total non 0 dist nMatches: 0
Completed in 0.044733 seconds.
Enter SVD 
Number of matched points ...27775
	Start Estimating Pose 
           1  4.47482e-05  1.75387e-05
-4.47854e-05            1 -3.57032e-05
-1.75163e-05   3.5882e-05            1
Optimization iteration done.
iteration ...9
Matching points ...
Estimated pose: 
    0.999972   0.00288934  -0.00688702   0.00453845
 -0.00289579     0.999997 -0.000866141   0.00540747
  0.00688482  0.000886781     0.999975    0.0115925
           0            0            0            1
total possible nMatches: 27845
nTargetPoints: 307200
total actual nMatches: 27775
total non 0 dist nMatches: 0
Completed in 0.044743 seconds.
Enter SVD 
Number of matched points ...27775
	Start Estimating Pose 
           1 -4.06802e-06  3.73796e-05
 4.06057e-06            1 -1.55568e-05
-3.74392e-05  1.57952e-05            1
Optimization iteration done.
Current camera pose: 
    0.999972  -0.00289141   0.00684706  -0.00432506
  0.00288573     0.999994  0.000901508  -0.00545433
 -0.00684992 -0.000882686     0.999977   -0.0115734
           0           -0           -0            1
ProcessNextFrame [2 | 798]
depthIntrinsics   525     0 319.5
    0   525 239.5
    0     0     1
target.getWidth() 640
target.getHeight() 480
iteration ...0
Matching points ...
Estimated pose: 
    0.999973    0.0028853  -0.00684963   0.00426141
 -0.00289184     0.999997 -0.000881726    0.0054316
  0.00684734  0.000902468     0.999976    0.0116077
           0            0            0            1
total possible nMatches: 1769
nTargetPoints: 307200
total actual nMatches: 1753
total non 0 dist nMatches: 0
Completed in 0.001774 seconds.
Enter SVD 
Number of matched points ...1753
	Start Estimating Pose 
   0.999998  0.00170034  -0.0010305
-0.00170127    0.999998 -0.00105676
 0.00102866  0.00105855    0.999999
Optimization iteration done.
iteration ...1
Matching points ...
Estimated pose: 
   0.999959   0.0045847  -0.0078816  0.00453236
-0.00460029    0.999989 -0.00192681   0.0112636
  0.0078729  0.00196398    0.999967   0.0196739
          0           0           0           1
total possible nMatches: 1769
nTargetPoints: 307200
total actual nMatches: 1763
total non 0 dist nMatches: 0
Completed in 0.001783 seconds.
Enter SVD 
Number of matched points ...1763
	Start Estimating Pose 
    0.999999  0.000838712  -0.00106675
-0.000837788     0.999999  0.000966549
  0.00106746 -0.000965685     0.999999
Optimization iteration done.
iteration ...2
Matching points ...
Estimated pose: 
    0.999946   0.00542131  -0.00894993   0.00513114
 -0.00543043     0.999986 -0.000953684    0.0121323
  0.00894475    0.0010032     0.999959    0.0228797
           0            0            0            1
total possible nMatches: 3537
nTargetPoints: 307200
total actual nMatches: 3521
total non 0 dist nMatches: 0
Completed in 0.003266 seconds.
Enter SVD 
Number of matched points ...3521
	Start Estimating Pose 
    0.999999  0.000580564 -0.000959918
-0.000579178     0.999999   0.00133282
 0.000960872  -0.00133219     0.999998
Optimization iteration done.
iteration ...3
Matching points ...
Estimated pose: 
   0.999933   0.0060009 -0.00991035  0.00551557
-0.00599765    0.999983 0.000384265   0.0114982
 0.00991279 -0.00032377     0.99995   0.0246396
          0           0           0           1
total possible nMatches: 3537
nTargetPoints: 307200
total actual nMatches: 3521
total non 0 dist nMatches: 0
Completed in 0.003267 seconds.
Enter SVD 
Number of matched points ...3521
	Start Estimating Pose 
    0.999999  0.000692546 -0.000336051
-0.000692099     0.999998   0.00151908
 0.000337176  -0.00151891     0.999999
Optimization iteration done.
iteration ...4
Matching points ...
Estimated pose: 
   0.999925  0.00669354  -0.0102461  0.00507033
-0.00667463    0.999977  0.00191013   0.0101629
   0.010259 -0.00184063    0.999945    0.025737
          0           0           0           1
total possible nMatches: 3537
nTargetPoints: 307200
total actual nMatches: 3527
total non 0 dist nMatches: 0
Completed in 0.003206 seconds.
Enter SVD 
Number of matched points ...3527
	Start Estimating Pose 
           1  0.000530705 -0.000230849
-0.000530362     0.999999   0.00129145
 0.000231534  -0.00129142     0.999999
Optimization iteration done.
iteration ...5
Matching points ...
Estimated pose: 
   0.999919  0.00722465  -0.0104759  0.00451012
 -0.0071917     0.99997  0.00320695  0.00890929
  0.0104992 -0.00313047    0.999939   0.0263335
          0           0           0           1
total possible nMatches: 28293
nTargetPoints: 307200
total actual nMatches: 28209
total non 0 dist nMatches: 0
Completed in 0.022505 seconds.
Enter SVD 
Number of matched points ...28209
	Start Estimating Pose 
           1  9.68128e-05 -0.000139162
-9.66787e-05            1  0.000796407
 0.000139236 -0.000796258            1
Optimization iteration done.
iteration ...6
Matching points ...
Estimated pose: 
  0.999917  0.0073219 -0.0106148 0.00391383
  -0.00728   0.999967 0.00400432 0.00822266
 0.0106441 -0.0039257   0.999934  0.0265857
         0          0          0          1
total possible nMatches: 28293
nTargetPoints: 307200
total actual nMatches: 28216
total non 0 dist nMatches: 0
Completed in 0.022523 seconds.
Enter SVD 
Number of matched points ...28216
	Start Estimating Pose 
    0.999999  5.47767e-05 -0.000118263
-5.47618e-05     0.999999  0.000663757
 0.000118308 -0.000663817            1
Optimization iteration done.
iteration ...7
Matching points ...
Estimated pose: 
   0.999914  0.00737713  -0.0107328  0.00335762
-0.00732769    0.999963  0.00466861  0.00764236
  0.0107672 -0.00458862     0.99993   0.0266656
          0           0           0           1
total possible nMatches: 28293
nTargetPoints: 307200
total actual nMatches: 28216
total non 0 dist nMatches: 0
Completed in 0.022621 seconds.
Enter SVD 
Number of matched points ...28216
	Start Estimating Pose 
           1  1.78069e-05 -8.13007e-05
 -1.7792e-05            1  0.000475347
 8.14423e-05 -0.000475138            1
Optimization iteration done.
iteration ...8
Matching points ...
Estimated pose: 
   0.999913  0.00739531   -0.010814   0.0028115
-0.00734036     0.99996  0.00514411  0.00725138
  0.0108521 -0.00506314    0.999927   0.0266651
          0           0           0           1
total possible nMatches: 28293
nTargetPoints: 307200
total actual nMatches: 28218
total non 0 dist nMatches: 0
Completed in 0.022605 seconds.
Enter SVD 
Number of matched points ...28218
	Start Estimating Pose 
           1  6.10352e-05 -3.81023e-05
 -6.1065e-05            1  0.000292808
 3.80799e-05 -0.000292659            1
Optimization iteration done.
iteration ...9
Matching points ...
Estimated pose: 
   0.999912  0.00745654  -0.0108518  0.00223141
-0.00739824    0.999958  0.00543756  0.00706646
  0.0108924 -0.00535551    0.999925   0.0266162
          0           0           0           1
total possible nMatches: 28293
nTargetPoints: 307200
total actual nMatches: 28220
total non 0 dist nMatches: 0
Completed in 0.022592 seconds.
Enter SVD 
Number of matched points ...28220
	Start Estimating Pose 
           1  7.96169e-05 -3.09497e-05
-7.98255e-05            1  0.000216514
 3.09423e-05 -0.000216365            1
Optimization iteration done.
Current camera pose: 
   0.999914 -0.00747512   0.0109245 -0.00191959
 0.00753693    0.999956 -0.00557308 -0.00681805
 -0.0108828  0.00565349    0.999926  -0.0265681
         -0          -0          -0           1
ProcessNextFrame [3 | 798]
depthIntrinsics   525     0 319.5
    0   525 239.5
    0     0     1
target.getWidth() 640
target.getHeight() 480
iteration ...0
Matching points ...
Estimated pose: 
   0.999911  0.00753631  -0.0108823  0.00168168
 -0.0074757    0.999956  0.00565492  0.00695365
  0.0109249 -0.00557163    0.999923   0.0265491
          0           0           0           1
total possible nMatches: 1753
nTargetPoints: 307200
total actual nMatches: 1721
total non 0 dist nMatches: 0
Completed in 0.001791 seconds.
Enter SVD 
Number of matched points ...1721
	Start Estimating Pose 
    0.999999  0.000673115  -0.00154649
-0.000671983     0.999999  0.000822783
  0.00154721 -0.000821859     0.999998
Optimization iteration done.
iteration ...1
Matching points ...
Estimated pose: 
   0.999888  0.00821801  -0.0124249  0.00278893
-0.00813863    0.999946  0.00648495   0.0111887
  0.0124781 -0.00638179      0.9999   0.0358559
          0           0           0           1
total possible nMatches: 1753
nTargetPoints: 307200
total actual nMatches: 1737
total non 0 dist nMatches: 0
Completed in 0.001791 seconds.
Enter SVD 
Number of matched points ...1737
	Start Estimating Pose 
          1 -0.00012131  -0.0011908
0.000123814    0.999998  0.00202167
 0.00119054 -0.00202194    0.999997
Optimization iteration done.
iteration ...2
Matching points ...
Estimated pose: 
   0.999874   0.0081043  -0.0136163  0.00348056
-0.00798959    0.999932  0.00850487   0.0117787
  0.0136849 -0.00839381     0.99987   0.0387065
          0           0           0           1
total possible nMatches: 3505
nTargetPoints: 307200
total actual nMatches: 3487
total non 0 dist nMatches: 0
Completed in 0.003209 seconds.
Enter SVD 
Number of matched points ...3487
	Start Estimating Pose 
           1  3.64333e-05 -0.000896759
-3.48687e-05     0.999999   0.00179842
 0.000896923  -0.00179854     0.999998
Optimization iteration done.
iteration ...3
Matching points ...
Estimated pose: 
   0.999861  0.00814825  -0.0145127  0.00380795
-0.00799983    0.999915   0.0103035   0.0115021
  0.0145961  -0.0101849     0.99984    0.039802
          0           0           0           1
total possible nMatches: 3505
nTargetPoints: 307200
total actual nMatches: 3490
total non 0 dist nMatches: 0
Completed in 0.003187 seconds.
Enter SVD 
Number of matched points ...3490
	Start Estimating Pose 
           1  -5.5477e-05 -0.000769645
 5.62668e-05     0.999999   0.00125369
 0.000769496   -0.0012539     0.999999
Optimization iteration done.
iteration ...4
Matching points ...
Estimated pose: 
    0.99985  0.00810062  -0.0152828  0.00396166
-0.00792527    0.999902   0.0115562   0.0112848
  0.0153755  -0.0114325    0.999815   0.0402524
          0           0           0           1
total possible nMatches: 3505
nTargetPoints: 307200
total actual nMatches: 3489
total non 0 dist nMatches: 0
Completed in 0.003169 seconds.
Enter SVD 
Number of matched points ...3489
	Start Estimating Pose 
           1  5.45382e-06 -0.000564106
-4.73857e-06     0.999999   0.00122213
 0.000564188   -0.0012221     0.999999
Optimization iteration done.
iteration ...5
Matching points ...
Estimated pose: 
   0.999841  0.00811252  -0.0158467  0.00393027
-0.00791121    0.999888   0.0127782   0.0107666
  0.0159493  -0.0126499    0.999791   0.0403606
          0           0           0           1
total possible nMatches: 28034
nTargetPoints: 307200
total actual nMatches: 27897
total non 0 dist nMatches: 0
Completed in 0.02238 seconds.
Enter SVD 
Number of matched points ...27897
	Start Estimating Pose 
           1  6.27935e-05 -0.000435203
-6.24806e-05            1   0.00106406
 0.000435323  -0.00106409            1
Optimization iteration done.
iteration ...6
Matching points ...
Estimated pose: 
   0.999834  0.00818081   -0.016281  0.00372614
-0.00795671    0.999874    0.013843   0.0102174
  0.0163929  -0.0137103     0.99977   0.0402527
          0           0           0           1
total possible nMatches: 28034
nTargetPoints: 307200
total actual nMatches: 27907
total non 0 dist nMatches: 0
Completed in 0.022402 seconds.
Enter SVD 
Number of matched points ...27907
	Start Estimating Pose 
           1  7.89911e-05 -0.000274144
-7.86781e-05            1   0.00078097
 0.000274047  -0.00078097            1
Optimization iteration done.
iteration ...7
Matching points ...
Estimated pose: 
   0.999829  0.00826356   -0.016554  0.00336395
-0.00802257    0.999862   0.0146251  0.00986474
  0.0166732  -0.0144889    0.999755   0.0400954
          0           0           0           1
total possible nMatches: 28034
nTargetPoints: 307200
total actual nMatches: 27902
total non 0 dist nMatches: 0
Completed in 0.022282 seconds.
Enter SVD 
Number of matched points ...27902
	Start Estimating Pose 
           1  7.93487e-05 -0.000153519
-7.93189e-05            1  0.000615656
 0.000153534 -0.000615597            1
Optimization iteration done.
iteration ...8
Matching points ...
Estimated pose: 
   0.999826  0.00834512  -0.0167063  0.00290576
-0.00809161    0.999852   0.0152419  0.00961079
  0.0168316  -0.0151032    0.999743   0.0399205
          0           0           0           1
total possible nMatches: 28034
nTargetPoints: 307200
total actual nMatches: 27895
total non 0 dist nMatches: 0
Completed in 0.022305 seconds.
Enter SVD 
Number of matched points ...27895
	Start Estimating Pose 
           1  3.81768e-05 -6.89775e-05
-3.81917e-05            1  0.000573546
 6.89626e-05 -0.000573695            1
Optimization iteration done.
iteration ...9
Matching points ...
Estimated pose: 
   0.999825  0.00838433  -0.0167747  0.00239023
-0.00812014    0.999843   0.0158159  0.00933358
  0.0169052  -0.0156762    0.999733   0.0397627
          0           0           0           1
total possible nMatches: 28034
nTargetPoints: 307200
total actual nMatches: 27891
total non 0 dist nMatches: 0
Completed in 0.022276 seconds.
Enter SVD 
Number of matched points ...27891
	Start Estimating Pose 
           1 -1.45137e-05 -4.23938e-06
 1.44243e-05            1  0.000442892
 3.93391e-06 -0.000442922            1
Optimization iteration done.
Current camera pose: 
   0.999823 -0.00809712   0.0169125 -0.00242383
 0.00837097    0.999834  -0.0161197 -0.00851164
 -0.0167794   0.0162577    0.999728  -0.0397156
         -0          -0          -0           1
ProcessNextFrame [4 | 798]
depthIntrinsics   525     0 319.5
    0   525 239.5
    0     0     1
target.getWidth() 640
target.getHeight() 480
iteration ...0
Matching points ...
Estimated pose: 
   0.999825  0.00836989  -0.0167792  0.00182825
-0.00809823    0.999837   0.0162584  0.00913633
  0.0169127   -0.016119    0.999726   0.0396085
          0           0           0           1
total possible nMatches: 1745
nTargetPoints: 307200
total actual nMatches: 1717
total non 0 dist nMatches: 0
Completed in 0.001764 seconds.
Enter SVD 
Number of matched points ...1717
	Start Estimating Pose 
   0.999998 0.000749618  -0.0018149
-0.00074859    0.999999 0.000498712
 0.00181512 -0.00049749    0.999998
Optimization iteration done.
iteration ...1
Matching points ...
Estimated pose: 
   0.999786  0.00914862  -0.0185814  0.00292061
-0.00883825    0.999822   0.0167696   0.0134853
  0.0187315  -0.0166012    0.999686   0.0473578
          0           0           0           1
total possible nMatches: 1745
nTargetPoints: 307200
total actual nMatches: 1723
total non 0 dist nMatches: 0
Completed in 0.001708 seconds.
Enter SVD 
Number of matched points ...1723
	Start Estimating Pose 
    0.999999  3.49283e-05  -0.00118255
-3.20375e-05     0.999997   0.00249836
  0.00118262  -0.00249842     0.999996
Optimization iteration done.
iteration ...2
Matching points ...
Estimated pose: 
   0.999763  0.00920317  -0.0197629  0.00334205
-0.00882345    0.999777   0.0192677   0.0132621
  0.0199359  -0.0190883    0.999618   0.0500225
          0           0           0           1
total possible nMatches: 3489
nTargetPoints: 307200
total actual nMatches: 3453
total non 0 dist nMatches: 0
Completed in 0.00317 seconds.
Enter SVD 
Number of matched points ...3453
	Start Estimating Pose 
    0.999999 -0.000297263  -0.00111673
  0.00030002     0.999997   0.00244904
  0.00111606  -0.00244954     0.999996
Optimization iteration done.
iteration ...3
Matching points ...
Estimated pose: 
   0.999743  0.00892728  -0.0208849   0.0037557
-0.00847466     0.99973   0.0217098   0.0120427
  0.0210732   -0.021527    0.999545   0.0514831
          0           0           0           1
total possible nMatches: 3489
nTargetPoints: 307200
total actual nMatches: 3450
total non 0 dist nMatches: 0
Completed in 0.003108 seconds.
Enter SVD 
Number of matched points ...3450
	Start Estimating Pose 
           1 -0.000241116 -0.000647143
 0.000242591     0.999998   0.00198841
 0.000646681  -0.00198838     0.999998
Optimization iteration done.
iteration ...4
Matching points ...
Estimated pose: 
   0.999731  0.00870015   -0.021537  0.00368604
-0.00819021    0.999687   0.0236922   0.0108314
  0.0217366   -0.023509    0.999487   0.0521699
          0           0           0           1
total possible nMatches: 3489
nTargetPoints: 307200
total actual nMatches: 3451
total non 0 dist nMatches: 0
Completed in 0.003103 seconds.
Enter SVD 
Number of matched points ...3451
	Start Estimating Pose 
           1 -0.000218809 -0.000479482
 0.000219479     0.999999   0.00121546
 0.000479229  -0.00121567     0.999999
Optimization iteration done.
iteration ...5
Matching points ...
Estimated pose: 
   0.999722  0.00849268  -0.0220214  0.00348911
-0.00794436     0.99966   0.0249023   0.0102288
  0.0222256  -0.0247201    0.999447   0.0524154
          0           0           0           1
total possible nMatches: 27908
nTargetPoints: 307200
total actual nMatches: 27589
total non 0 dist nMatches: 0
Completed in 0.022005 seconds.
Enter SVD 
Number of matched points ...27589
	Start Estimating Pose 
           1  0.000141323  -0.00010033
-0.000141248            1  0.000692815
 0.000100277 -0.000692904            1
Optimization iteration done.
iteration ...6
Matching points ...
Estimated pose: 
   0.999718  0.00863644  -0.0221182  0.00293266
-0.00807017    0.999641   0.0255978   0.0100284
  0.0223313  -0.0254119    0.999427   0.0524208
          0           0           0           1
total possible nMatches: 27908
nTargetPoints: 307200
total actual nMatches: 27575
total non 0 dist nMatches: 0
Completed in 0.022055 seconds.
Enter SVD 
Number of matched points ...27575
	Start Estimating Pose 
           1  7.90209e-05 -4.40478e-05
-7.89165e-05            1  0.000540078
 4.42192e-05 -0.000539899            1
Optimization iteration done.
iteration ...7
Matching points ...
Estimated pose: 
  0.999717 0.00871655 -0.0221602 0.00237042
 -0.008137   0.999626  0.0261393 0.00986871
 0.0223799 -0.0259512   0.999412  0.0523454
         0          0          0          1
total possible nMatches: 27908
nTargetPoints: 307200
total actual nMatches: 27559
total non 0 dist nMatches: 0
Completed in 0.022023 seconds.
Enter SVD 
Number of matched points ...27559
	Start Estimating Pose 
           1  2.16812e-05 -8.83639e-06
-2.14726e-05            1   0.00042823
 8.67248e-06 -0.000428289            1
Optimization iteration done.
iteration ...8
Matching points ...
Estimated pose: 
   0.999716  0.00873845  -0.0221685  0.00181396
-0.00814888    0.999615   0.0265678  0.00975743
  0.0223921  -0.0263793    0.999401   0.0522265
          0           0           0           1
total possible nMatches: 27908
nTargetPoints: 307200
total actual nMatches: 27543
total non 0 dist nMatches: 0
Completed in 0.021908 seconds.
Enter SVD 
Number of matched points ...27543
	Start Estimating Pose 
           1   1.8701e-05 -2.35811e-05
-1.87755e-05            1  0.000310302
 2.35066e-05 -0.000310272            1
Optimization iteration done.
iteration ...9
Matching points ...
Estimated pose: 
  0.999716 0.00875777 -0.0221915  0.0012991
-0.0081607   0.999607  0.0268783 0.00971462
 0.0224181 -0.0266892   0.999392  0.0520881
         0          0          0          1
total possible nMatches: 27908
nTargetPoints: 307200
total actual nMatches: 27526
total non 0 dist nMatches: 0
Completed in 0.021908 seconds.
Enter SVD 
Number of matched points ...27526
	Start Estimating Pose 
           1 -5.58943e-05 -6.63847e-06
 5.57154e-05            1   0.00024417
 6.57141e-06 -0.000244319            1
Optimization iteration done.
Current camera pose: 
   0.999715  -0.0080988   0.0224268 -0.00189138
 0.00870277    0.999598  -0.0269335 -0.00829842
 -0.0221995   0.0271209    0.999386  -0.0521855
         -0          -0          -0           1
ProcessNextFrame [5 | 798]
depthIntrinsics   525     0 319.5
    0   525 239.5
    0     0     1
target.getWidth() 640
target.getHeight() 480
iteration ...0
Matching points ...
Estimated pose: 
   0.999716  0.00870207  -0.0221997 0.000804555
-0.00809953    0.999601   0.0271211  0.00969512
  0.0224267  -0.0269334    0.999385   0.0519724
          0           0           0           1
total possible nMatches: 1721
nTargetPoints: 307200
total actual nMatches: 1692
total non 0 dist nMatches: 0
Completed in 0.001726 seconds.
Enter SVD 
Number of matched points ...1692
	Start Estimating Pose 
    0.999999   0.00130185 -0.000324398
 -0.00130196     0.999999 -3.29614e-05
 0.000324219   3.3319e-05            1
Optimization iteration done.
iteration ...1
Matching points ...
Estimated pose: 
   0.999698   0.0100121  -0.0224885 0.000413214
-0.00940185     0.99959    0.027117   0.0141344
  0.0227505  -0.0268973    0.999379   0.0584278
          0           0           0           1
total possible nMatches: 1721
nTargetPoints: 307200
total actual nMatches: 1696
total non 0 dist nMatches: 0
Completed in 0.001725 seconds.
Enter SVD 
Number of matched points ...1696
	Start Estimating Pose 
           1 -0.000223324 -0.000703484
 0.000224665     0.999998   0.00213739
 0.000702694  -0.00213775     0.999997
Optimization iteration done.
iteration ...2
Matching points ...
Estimated pose: 
   0.999683  0.00980783  -0.0231976 0.000575484
-0.00912861    0.999532    0.029248      0.0139
   0.023473   -0.029027    0.999302   0.0610734
          0           0           0           1
total possible nMatches: 3441
nTargetPoints: 307200
total actual nMatches: 3383
total non 0 dist nMatches: 0
Completed in 0.003051 seconds.
Enter SVD 
Number of matched points ...3383
	Start Estimating Pose 
           1 -0.000508368 -0.000836864
 0.000510082     0.999998    0.0018115
 0.000836045  -0.00181183     0.999998
Optimization iteration done.
iteration ...3
Matching points ...
Estimated pose: 
   0.999668  0.00932399  -0.0240488 0.000953837
-0.00857615    0.999483   0.0310464   0.0130351
  0.0243253  -0.0308298    0.999229   0.0625505
          0           0           0           1
total possible nMatches: 3441
nTargetPoints: 307200
total actual nMatches: 3384
total non 0 dist nMatches: 0
Completed in 0.003022 seconds.
Enter SVD 
Number of matched points ...3384
	Start Estimating Pose 
           1 -0.000405237 -0.000497907
 0.000406027     0.999999   0.00158969
 0.000497669   -0.0015898     0.999999
Optimization iteration done.
iteration ...4
Matching points ...
Estimated pose: 
   0.999659  0.00893431  -0.0245589 0.000957897
-0.00813158    0.999437    0.032625   0.0119386
  0.0248364  -0.0324141    0.999166   0.0633862
          0           0           0           1
total possible nMatches: 3441
nTargetPoints: 307200
total actual nMatches: 3384
total non 0 dist nMatches: 0
Completed in 0.003034 seconds.
Enter SVD 
Number of matched points ...3384
	Start Estimating Pose 
           1  -0.00040485 -0.000430822
 0.000405431     0.999999   0.00119027
 0.000430614  -0.00119036     0.999999
Optimization iteration done.
iteration ...5
Matching points ...
Estimated pose: 
   0.999652  0.00854365  -0.0250026 0.000919244
-0.00769672    0.999401   0.0338043   0.0111347
  0.0252765  -0.0335999    0.999116   0.0637802
          0           0           0           1
total possible nMatches: 27526
nTargetPoints: 307200
total actual nMatches: 27022
total non 0 dist nMatches: 0
Completed in 0.0215 seconds.
Enter SVD 
Number of matched points ...27022
	Start Estimating Pose 
           1  -0.00040482 -0.000315279
 0.000405267            1   0.00101489
 0.000314638   -0.0010151            1
Optimization iteration done.
iteration ...6
Matching points ...
Estimated pose: 
   0.999647  0.00814966  -0.0253312  0.00077363
-0.00726594     0.99937   0.0348082   0.0104489
  0.0255989  -0.0346117    0.999073   0.0638647
          0           0           0           1
total possible nMatches: 27526
nTargetPoints: 307200
total actual nMatches: 27013
total non 0 dist nMatches: 0
Completed in 0.021475 seconds.
Enter SVD 
Number of matched points ...27013
	Start Estimating Pose 
           1 -0.000310734 -0.000218242
 0.000310943            1  0.000804991
 0.000218078  -0.00080502            1
Optimization iteration done.
iteration ...7
Matching points ...
Estimated pose: 
   0.999644  0.00784668  -0.0255601 0.000544923
 -0.0069345    0.999344   0.0356045  0.00991771
  0.0258227  -0.0354144    0.999039   0.0638721
          0           0           0           1
total possible nMatches: 27526
nTargetPoints: 307200
total actual nMatches: 26999
total non 0 dist nMatches: 0
Completed in 0.021425 seconds.
Enter SVD 
Number of matched points ...26999
	Start Estimating Pose 
           1 -0.000227109 -0.000136688
 0.000227198            1  0.000621051
 0.000136822 -0.000620991            1
Optimization iteration done.
iteration ...8
Matching points ...
Estimated pose: 
   0.999642  0.00762456  -0.0257047 0.000225203
-0.00669134    0.999324   0.0362192  0.00953155
  0.0259638  -0.0360339    0.999014   0.0638423
          0           0           0           1
total possible nMatches: 27526
nTargetPoints: 307200
total actual nMatches: 26988
total non 0 dist nMatches: 0
Completed in 0.021464 seconds.
Enter SVD 
Number of matched points ...26988
	Start Estimating Pose 
           1 -0.000207871 -9.22382e-05
 0.000207767            1   0.00048694
 9.22829e-05  -0.00048694            1
Optimization iteration done.
iteration ...9
Matching points ...
Estimated pose: 
    0.999641   0.00742016   -0.0258044 -0.000120521
 -0.00647101     0.999308    0.0367003   0.00924611
   0.0260593   -0.0365198     0.998994    0.0637825
           0            0            0            1
total possible nMatches: 27526
nTargetPoints: 307200
total actual nMatches: 26977
total non 0 dist nMatches: 0
Completed in 0.021402 seconds.
Enter SVD 
Number of matched points ...26977
	Start Estimating Pose 
           1 -0.000165328 -6.26445e-05
 0.000165284            1  0.000368983
 6.26743e-05 -0.000369012            1
Optimization iteration done.
Current camera pose: 
   0.999637 -0.00629538   0.0261237 -0.00112669
 0.00725799     0.99929  -0.0368882 -0.00670466
 -0.0258736   0.0370642    0.998977  -0.0639865
         -0          -0          -0           1
ProcessNextFrame [6 | 798]
depthIntrinsics   525     0 319.5
    0   525 239.5
    0     0     1
target.getWidth() 640
target.getHeight() 480
iteration ...0
Matching points ...
Estimated pose: 
     0.99964   0.00725723   -0.0258731 -0.000480588
 -0.00629617     0.999296    0.0370646   0.00906448
   0.0261244   -0.0368881     0.998979    0.0637032
           0            0            0            1
total possible nMatches: 1708
nTargetPoints: 307200
total actual nMatches: 1673
total non 0 dist nMatches: 0
Completed in 0.001698 seconds.
Enter SVD 
Number of matched points ...1673
	Start Estimating Pose 
    0.999998 -0.000553548  -0.00165306
  0.00055331            1 -7.24792e-05
  0.00165302  7.16746e-05     0.999999
Optimization iteration done.
iteration ...1
Matching points ...
Estimated pose: 
   0.999599  0.00676504  -0.0275449 0.000719989
-0.00574495    0.999303   0.0369779   0.0126413
  0.0277763  -0.0368044    0.998937   0.0691192
          0           0           0           1
total possible nMatches: 1708
nTargetPoints: 307200
total actual nMatches: 1668
total non 0 dist nMatches: 0
Completed in 0.001677 seconds.
Enter SVD 
Number of matched points ...1668
	Start Estimating Pose 
           1 -0.000436485  -0.00106014
 0.000437453            1   0.00100198
  0.00105935  -0.00100273     0.999999
Optimization iteration done.
iteration ...2
Matching points ...
Estimated pose: 
   0.999572  0.00636787  -0.0286201  0.00133975
-0.00527984    0.999268   0.0379667   0.0129871
   0.028841  -0.0377993     0.99887   0.0716378
          0           0           0           1
total possible nMatches: 3416
nTargetPoints: 307200
total actual nMatches: 3338
total non 0 dist nMatches: 0
Completed in 0.003013 seconds.
Enter SVD 
Number of matched points ...3338
	Start Estimating Pose 
           1 -0.000421762 -0.000585824
 0.000421911            1  0.000582129
 0.000585854 -0.000582188     0.999999
Optimization iteration done.
iteration ...3
Matching points ...
Estimated pose: 
   0.999557  0.00596856  -0.0292212  0.00147158
-0.00484132    0.999249   0.0385361   0.0131107
  0.0294296  -0.0383773    0.998831   0.0729878
          0           0           0           1
total possible nMatches: 3416
nTargetPoints: 307200
total actual nMatches: 3340
total non 0 dist nMatches: 0
Completed in 0.002977 seconds.
Enter SVD 
Number of matched points ...3340
	Start Estimating Pose 
           1 -0.000416353 -0.000333101
 0.000416666            1  0.000634909
 0.000332966 -0.000634879            1
Optimization iteration done.
iteration ...4
Matching points ...
Estimated pose: 
   0.999549   0.0055653    -0.02957  0.00129449
-0.00440615    0.999227   0.0391581   0.0127836
  0.0297655  -0.0390097    0.998796   0.0737032
          0           0           0           1
total possible nMatches: 3416
nTargetPoints: 307200
total actual nMatches: 3340
total non 0 dist nMatches: 0
Completed in 0.002973 seconds.
Enter SVD 
Number of matched points ...3340
	Start Estimating Pose 
           1 -0.000362113 -0.000157624
 0.000362441            1  0.000633478
 0.000157475 -0.000633657            1
Optimization iteration done.
iteration ...5
Matching points ...
Estimated pose: 
   0.999546  0.00520962  -0.0297416 0.000977705
-0.00402501    0.999204   0.0397801   0.0123229
  0.0299257   -0.039642    0.998767   0.0741633
          0           0           0           1
total possible nMatches: 27325
nTargetPoints: 307200
total actual nMatches: 26722
total non 0 dist nMatches: 0
Completed in 0.021074 seconds.
Enter SVD 
Number of matched points ...26722
	Start Estimating Pose 
           1 -0.000519186 -0.000197023
 0.000519186            1  0.000542283
 0.000196576 -0.000542343            1
Optimization iteration done.
iteration ...6
Matching points ...
Estimated pose: 
   0.999542  0.00469866   -0.029959 0.000758764
-0.00348983    0.999185   0.0403063    0.011918
  0.0301244  -0.0401829    0.998739   0.0744488
          0           0           0           1
total possible nMatches: 27325
nTargetPoints: 307200
total actual nMatches: 26700
total non 0 dist nMatches: 0
Completed in 0.021177 seconds.
Enter SVD 
Number of matched points ...26700
	Start Estimating Pose 
           1 -0.000428393 -9.66638e-05
 0.000428244            1  0.000420004
 9.63509e-05 -0.000420183            1
Optimization iteration done.
iteration ...7
Matching points ...
Estimated pose: 
   0.999541   0.0042745  -0.0300728 0.000435161
-0.00304913     0.99917   0.0407129   0.0116027
  0.0302221  -0.0406023    0.998719   0.0746156
          0           0           0           1
total possible nMatches: 27325
nTargetPoints: 307200
total actual nMatches: 26698
total non 0 dist nMatches: 0
Completed in 0.021106 seconds.
Enter SVD 
Number of matched points ...26698
	Start Estimating Pose 
           1 -0.000349686 -3.37213e-05
  0.00034973            1  0.000339031
 3.38554e-05 -0.000339001            1
Optimization iteration done.
iteration ...8
Matching points ...
Estimated pose: 
   0.999541  0.00392647  -0.0301208 5.65357e-05
-0.00268932    0.999158    0.041041   0.0113427
   0.030257  -0.0409408    0.998705    0.074729
          0           0           0           1
total possible nMatches: 27325
nTargetPoints: 307200
total actual nMatches: 26697
total non 0 dist nMatches: 0
Completed in 0.021158 seconds.
Enter SVD 
Number of matched points ...26697
	Start Estimating Pose 
           1 -0.000252679 -5.66244e-07
 0.000252604            1  0.000285447
 4.61936e-07 -0.000285536            1
Optimization iteration done.
iteration ...9
Matching points ...
Estimated pose: 
    0.999542   0.00367403   -0.0301317 -0.000348838
 -0.00242819     0.999147    0.0413185    0.0111254
   0.0302583   -0.0412261     0.998693    0.0747789
           0            0            0            1
total possible nMatches: 27325
nTargetPoints: 307200
total actual nMatches: 26693
total non 0 dist nMatches: 0
Completed in 0.021166 seconds.
Enter SVD 
Number of matched points ...26693
	Start Estimating Pose 
           1 -0.000202715  9.80496e-06
 0.000202686            1  0.000255972
-9.76026e-06 -0.000255823            1
Optimization iteration done.
Current camera pose: 
   0.999537 -0.00221663   0.0302483  -0.0014936
  0.0034723    0.999129  -0.0414818  -0.0078217
 -0.0301308   0.0415675     0.99868  -0.0751902
         -0          -0          -0           1
ProcessNextFrame [7 | 798]
depthIntrinsics   525     0 319.5
    0   525 239.5
    0     0     1
target.getWidth() 640
target.getHeight() 480
iteration ...0
Matching points ...
Estimated pose: 
    0.999543   0.00347108   -0.0301303 -0.000745435
 -0.00221786     0.999137     0.041568    0.0109371
   0.0302491   -0.0414818     0.998683    0.0748118
           0            0            0            1
total possible nMatches: 1697
nTargetPoints: 307200
total actual nMatches: 1659
total non 0 dist nMatches: 0
Completed in 0.001687 seconds.
Enter SVD 
Number of matched points ...1659
	Start Estimating Pose 
    0.999999  0.000818506  -0.00122104
-0.000817791            1  0.000598073
  0.00122183 -0.000596911     0.999999
Optimization iteration done.
iteration ...1
Matching points ...
Estimated pose: 
    0.999503   0.00433953   -0.0313157 -0.000223126
 -0.00301718     0.999109    0.0421899    0.0135944
   0.0314717   -0.0420739      0.99862    0.0806191
           0            0            0            1
total possible nMatches: 1697
nTargetPoints: 307200
total actual nMatches: 1659
total non 0 dist nMatches: 0
Completed in 0.001647 seconds.
Enter SVD 
Number of matched points ...1659
	Start Estimating Pose 
           1  1.38581e-06 -0.000742756
-9.08971e-07            1  0.000706553
 0.000742741 -0.000706583            1
Optimization iteration done.
iteration ...2
Matching points ...
Estimated pose: 
   0.999479  0.00437216  -0.0320573 3.51672e-05
-0.00299585     0.99908   0.0428955    0.014142
  0.0322162  -0.0427766    0.998567   0.0831005
          0           0           0           1
total possible nMatches: 3393
nTargetPoints: 307200
total actual nMatches: 3314
total non 0 dist nMatches: 0
Completed in 0.002978 seconds.
Enter SVD 
Number of matched points ...3314
	Start Estimating Pose 
           1 -0.000474244 -0.000658952
